       0/9     2.91G    0.1099     0.044         0    0.1539        82       640 0.0009848    0.0942 0.0001081 1.234e-05    0.1005   0.03161         0
       1/9     3.02G    0.1046     0.043         0    0.1476        84       640  0.001288    0.1232 0.0001978  2.42e-05   0.09503   0.03161         0
       2/9     3.02G    0.1011   0.04311         0    0.1442        67       640  0.003636    0.3478  0.001289  0.000174   0.09135   0.03154         0
       3/9     3.02G   0.09689   0.04256         0    0.1394        66       640  0.002804    0.2065 0.0007441 0.0001105   0.08934   0.03141         0
       4/9     3.02G   0.09359   0.04596         0    0.1396       114       640  0.003075    0.2264  0.001353 0.0001786   0.08795   0.03119         0
       5/9     3.02G   0.09292   0.04326         0    0.1362       105       640  0.003258    0.3116  0.001362 0.0001884   0.08716   0.03093         0
       6/9     3.02G   0.09159    0.0477         0    0.1393        71       640  0.003345    0.2464 0.0009843 0.0001529   0.08664   0.03071         0
       7/9     3.02G   0.09379   0.04571         0    0.1395       123       640  0.003364    0.2464  0.001207 0.0001793   0.08657   0.03043         0
       8/9     3.02G   0.09331   0.04884         0    0.1421        93       640  0.003598    0.3442  0.001471 0.0002199   0.08615   0.03035         0
       9/9     3.02G    0.0899   0.04821         0    0.1381       100       640  0.003439    0.2518  0.001214 0.0001891     0.086    0.0302         0
