      0/99     3.06G   0.05843   0.04031         0   0.09875        82       640    0.7282    0.6178    0.6907    0.2895   0.04968   0.02147         0
      1/99      3.1G   0.05734   0.03821         0   0.09555        84       640    0.6567     0.648    0.6843    0.2921   0.04902   0.02102         0
      2/99      3.1G    0.0577   0.03661         0   0.09431        67       640    0.6587    0.6286    0.6745    0.2882   0.04838   0.02096         0
      3/99      3.1G   0.05615   0.03566         0   0.09181        66       640    0.7049    0.6103    0.6869    0.2931    0.0483    0.0207         0
      4/99      3.1G   0.05599   0.03752         0    0.0935       114       640    0.6586    0.6341    0.6774    0.2865   0.04795   0.02082         0
      5/99      3.1G   0.05571   0.03524         0   0.09095       105       640    0.7245    0.5813    0.6774    0.2868   0.04743   0.02069         0
      6/99      3.1G   0.05579   0.03673         0   0.09252        71       640     0.774    0.5398    0.6797    0.2977   0.04718   0.02049         0
      7/99      3.1G   0.05721   0.03734         0   0.09455       123       640    0.7104    0.6178     0.699    0.3079   0.04701   0.02049         0
      8/99      3.1G   0.05655   0.04033         0   0.09688        93       640    0.6952    0.5725    0.6591    0.2875   0.04755   0.02063         0
      9/99      3.1G   0.05434   0.03772         0   0.09206       100       640    0.6955    0.5888    0.6629    0.2756   0.04848   0.02186         0
     10/99      3.1G   0.05661   0.03684         0   0.09346        83       640    0.7109    0.5815    0.6846    0.2989   0.04693   0.02043         0
     11/99      3.1G    0.0571   0.03701         0   0.09411        78       640    0.7283    0.6141    0.6937    0.3035    0.0467    0.0202         0
     12/99      3.1G   0.05634   0.03977         0   0.09611        97       640    0.6436    0.5978    0.6679    0.2834   0.04793   0.02059         0
     13/99      3.1G   0.05295   0.03936         0   0.09231        97       640    0.7029    0.5543    0.6407    0.2619   0.04914   0.02143         0
     14/99      3.1G   0.05481   0.03788         0   0.09269        92       640    0.7134    0.5707     0.684    0.3037   0.04628   0.02018         0
     15/99      3.1G    0.0573   0.03769         0   0.09499        84       640    0.7894    0.5432    0.6942    0.3101   0.04708   0.02003         0
     16/99      3.1G   0.05586    0.0338         0   0.08966        88       640    0.6712    0.6286    0.6771    0.2893   0.04844   0.02051         0
     17/99      3.1G     0.056   0.03709         0   0.09309       111       640    0.7163    0.6175    0.6941    0.2908   0.04726   0.02088         0
     18/99      3.1G   0.05555   0.03531         0   0.09086        72       640    0.7467     0.625    0.7163    0.2865   0.04757   0.02006         0
     19/99      3.1G   0.05447   0.03462         0   0.08909        70       640    0.7265    0.6649    0.7253    0.3091   0.04709   0.01985         0
     20/99      3.1G   0.05525   0.03702         0   0.09227        83       640    0.5865    0.6322     0.665      0.28   0.04678   0.01965         0
     21/99      3.1G   0.05348   0.03496         0   0.08844        78       640    0.7321    0.6739    0.7406    0.3196   0.04614   0.01947         0
     22/99      3.1G   0.05498   0.03399         0   0.08897        59       640    0.7864    0.5707    0.7075    0.2935   0.04734   0.02015         0
     23/99      3.1G   0.05458   0.03621         0    0.0908        59       640    0.6709    0.6649    0.7221     0.315   0.04605    0.0196         0
     24/99      3.1G   0.05636   0.03798         0   0.09434        82       640    0.7598     0.529     0.661    0.2785   0.04786   0.02002         0
     25/99      3.1G   0.05518   0.04085         0   0.09602       109       640    0.7544    0.5598    0.6766    0.2623   0.04912   0.01932         0
     26/99      3.1G    0.0559   0.03553         0   0.09143        87       640     0.803    0.5652    0.7164    0.3088   0.04658   0.01938         0
     27/99      3.1G   0.05431   0.03296         0   0.08727        93       640    0.6975    0.6264    0.7077    0.2927   0.04811   0.01917         0
     28/99      3.1G   0.05513   0.03668         0   0.09181        97       640    0.6734    0.5906    0.6703     0.289   0.04688   0.01917         0
     29/99      3.1G   0.05422   0.03607         0   0.09029        82       640     0.696    0.6262     0.705    0.3068   0.04627   0.01949         0
     30/99      3.1G   0.05357   0.03405         0   0.08761        67       640     0.632    0.6612    0.7018    0.3177   0.04601   0.01976         0
     31/99      3.1G   0.05578   0.03841         0   0.09419        86       640    0.6946    0.6098    0.6891    0.2918   0.04836   0.01927         0
     32/99      3.1G   0.05562   0.03477         0   0.09039        54       640    0.6283    0.6159    0.6687    0.2909   0.04667   0.02007         0
     33/99      3.1G    0.0544   0.03429         0   0.08869        90       640    0.6427    0.6322    0.6748    0.2787   0.04714    0.0204         0
     34/99      3.1G   0.05297   0.03608         0   0.08905        88       640    0.7098    0.6291    0.7019    0.3159   0.04631   0.01869         0
     35/99      3.1G    0.0537   0.03726         0   0.09096        85       640    0.7548     0.558    0.6869    0.2901    0.0483   0.01909         0
     36/99      3.1G   0.05663    0.0363         0   0.09293        83       640    0.6233     0.721    0.7385    0.3266   0.04613   0.01837         0
     37/99      3.1G   0.05526   0.03154         0    0.0868        65       640    0.6913    0.5562     0.649    0.2577    0.0502   0.01887         0
     38/99      3.1G    0.0543   0.03467         0   0.08897        73       640    0.7412    0.6359    0.7279    0.3158   0.04644   0.01911         0
     39/99      3.1G   0.05363   0.03546         0   0.08909        79       640    0.7266     0.621    0.7088    0.3139   0.04658   0.01914         0
     40/99      3.1G    0.0545   0.03277         0   0.08728        72       640    0.6317    0.6467    0.6871    0.3004    0.0468    0.0195         0
     41/99      3.1G   0.05405   0.03377         0   0.08781        77       640    0.8069    0.6209    0.7662    0.3125   0.04679   0.01895         0
     42/99      3.1G    0.0571   0.03733         0   0.09444        97       640    0.7472    0.5217    0.6578    0.2948   0.04608   0.01996         0
     43/99      3.1G   0.05173   0.03507         0    0.0868        67       640    0.6762    0.5743    0.6471    0.2651   0.04967   0.01874         0
     44/99      3.1G   0.05449   0.03475         0   0.08924       101       640     0.711    0.5725    0.6465    0.2724   0.05239   0.02207         0
     45/99      3.1G   0.05562   0.03303         0   0.08865        90       640    0.7335    0.6132    0.6976     0.258   0.05218   0.01858         0
     46/99      3.1G   0.05566   0.03539         0   0.09104        84       640    0.7889    0.6214    0.7348    0.3026   0.04923   0.02032         0
     47/99      3.1G   0.05721    0.0357         0   0.09292        41       640    0.7359    0.6141    0.7022    0.2564   0.05278   0.01962         0
     48/99      3.1G    0.0612   0.03745         0   0.09865       121       640    0.6401    0.6123    0.6559     0.268   0.04993   0.01896         0
     49/99      3.1G   0.05693    0.0351         0   0.09203        95       640    0.6586    0.6159    0.6211    0.2381   0.04929   0.01877         0
     50/99      3.1G   0.05583   0.03307         0    0.0889        49       640     0.726    0.6594    0.7371    0.3167   0.04588   0.01872         0
     51/99      3.1G   0.05459   0.03401         0    0.0886       112       640    0.7538    0.5942     0.723    0.3038   0.04657   0.01871         0
     52/99      3.1G   0.05504   0.03597         0   0.09101        95       640    0.7153    0.6504    0.7227    0.2634   0.04806   0.01826         0
     53/99      3.1G   0.05648   0.03307         0   0.08955        74       640    0.6845    0.5833    0.6496    0.2526    0.0521   0.01976         0
     54/99      3.1G   0.05497   0.03686         0   0.09183       117       640    0.8003    0.6105    0.7331    0.3258   0.04442   0.01886         0
     55/99      3.1G   0.05448   0.03458         0   0.08907       105       640    0.7354    0.6322     0.705    0.2599   0.04934   0.01851         0
     56/99      3.1G   0.05878   0.03725         0   0.09603        72       640    0.7771    0.6522    0.7488    0.2971   0.04785   0.01826         0
     57/99      3.1G   0.05638   0.03538         0   0.09177       112       640    0.7291    0.5754    0.6227     0.198   0.05269   0.02018         0
     58/99      3.1G   0.05174    0.0314         0   0.08314        93       640    0.7624    0.7268       0.8    0.3425    0.0447   0.01798         0
     59/99      3.1G   0.05608   0.03644         0   0.09252        62       640    0.7725    0.5761    0.6884    0.3257   0.04411   0.01899         0
     60/99      3.1G   0.05121   0.03226         0   0.08348        71       640    0.7204    0.6956    0.7709    0.3738   0.04273   0.01809         0
     61/99      3.1G   0.05006   0.03555         0   0.08562        90       640     0.804    0.6839     0.785     0.328   0.04641   0.01774         0
     62/99      3.1G   0.05226   0.03411         0   0.08637        82       640    0.8598    0.6224    0.7961    0.3768   0.04347   0.01793         0
     63/99      3.1G   0.05121   0.03089         0    0.0821        82       640    0.6591    0.7645    0.7747    0.3419   0.04443   0.01764         0
     64/99      3.1G   0.05107   0.03155         0   0.08262        71       640    0.7484    0.6683    0.7804    0.3608   0.04409   0.01757         0
     65/99      3.1G    0.0517   0.03499         0    0.0867        70       640    0.7968    0.7246    0.8189    0.3547   0.04402   0.01743         0
     66/99      3.1G   0.05244   0.03292         0   0.08536        82       640    0.7688    0.6627    0.7471     0.247   0.04871   0.01705         0
     67/99      3.1G    0.0519   0.03259         0   0.08449        49       640    0.8046    0.6193    0.7478    0.3156   0.04546   0.01796         0
     68/99      3.1G   0.05367    0.0325         0   0.08618        81       640    0.8236    0.6431    0.7716      0.38   0.04268   0.01816         0
     69/99      3.1G   0.05003   0.03208         0   0.08211       102       640    0.7703    0.7446    0.8003    0.3571   0.04315   0.01811         0
     70/99      3.1G   0.04919   0.03339         0   0.08258        76       640    0.8528    0.6194    0.7641    0.3048   0.04686   0.01756         0
     71/99      3.1G   0.05346   0.03308         0   0.08654       111       640    0.8365     0.587     0.764    0.3592    0.0424   0.01753         0
     72/99      3.1G   0.05206   0.03216         0   0.08422        56       640    0.8492    0.6649    0.7965    0.3601   0.04452   0.01719         0
     73/99      3.1G   0.04951   0.03225         0   0.08176        69       640    0.8182    0.6848    0.8065    0.3763   0.04315   0.01712         0
     74/99      3.1G   0.04879   0.03618         0   0.08497       102       640    0.7253    0.7138    0.7833    0.3616   0.04232   0.01707         0
     75/99      3.1G   0.05102   0.03565         0   0.08667        96       640    0.7839    0.6901    0.8028    0.4006   0.04121   0.01708         0
     76/99      3.1G   0.05373   0.03535         0   0.08907       101       640    0.7415    0.6938    0.7673    0.3261   0.04585   0.01755         0
     77/99      3.1G   0.05507   0.03353         0    0.0886        93       640    0.8381    0.6848    0.8073    0.3749   0.04283   0.01726         0
     78/99      3.1G   0.04887   0.03219         0   0.08107        79       640    0.8173     0.697    0.8375    0.4004   0.04064   0.01668         0
     79/99      3.1G    0.0516   0.03247         0   0.08407       110       640    0.7224     0.779    0.8186    0.3344    0.0469   0.01635         0
     80/99      3.1G   0.05271   0.03184         0   0.08455       102       640    0.7712    0.7228    0.8028    0.3428   0.04417   0.01732         0
     81/99      3.1G   0.05088   0.03228         0   0.08316        63       640    0.7973    0.6775    0.7946    0.3871   0.04235   0.01757         0
     82/99      3.1G   0.04806   0.03452         0   0.08258       112       640    0.8583     0.663    0.7939     0.354   0.04444   0.01831         0
     83/99      3.1G   0.04841   0.03164         0   0.08005        58       640    0.8028    0.7572    0.8475    0.4022   0.04267   0.01657         0
     84/99      3.1G   0.04793    0.0325         0   0.08042        82       640    0.7227    0.7572    0.7976    0.3598   0.04416    0.0164         0
     85/99      3.1G   0.04984   0.03217         0   0.08201        63       640    0.8535    0.7083    0.8437    0.4245   0.03993   0.01651         0
     86/99      3.1G   0.04724   0.03256         0   0.07981       119       640    0.8323    0.7192    0.8488    0.4227   0.03944   0.01623         0
     87/99      3.1G   0.04864   0.03001         0   0.07865        71       640    0.8028      0.73     0.834    0.3984   0.04131   0.01642         0
     88/99      3.1G    0.0522    0.0315         0   0.08369        93       640    0.8702    0.7531    0.8749    0.4377   0.04014   0.01644         0
     89/99      3.1G   0.04834   0.03513         0   0.08348        93       640    0.8138    0.7717    0.8424     0.406   0.04093   0.01688         0
     90/99      3.1G   0.04945   0.03304         0   0.08249        80       640    0.8231    0.7844    0.8602    0.3957   0.04133   0.01676         0
     91/99      3.1G   0.05172   0.03334         0   0.08506        72       640    0.8459     0.746    0.8517    0.3503   0.04311   0.01699         0
     92/99      3.1G   0.05107   0.03065         0   0.08172        72       640    0.8365    0.7968    0.8665    0.4357   0.03949   0.01641         0
     93/99      3.1G   0.04799   0.03303         0   0.08102        75       640    0.8432    0.7355    0.8344    0.4035   0.04141   0.01651         0
     94/99      3.1G    0.0481   0.03201         0   0.08011       122       640    0.8227    0.7337    0.8408     0.418   0.04034   0.01622         0
     95/99      3.1G   0.05038   0.03147         0   0.08185        89       640    0.8514    0.7263    0.8514     0.422    0.0405     0.016         0
     96/99      3.1G   0.04931   0.03056         0   0.07987        90       640    0.8538    0.7754    0.8762    0.4516   0.03975   0.01621         0
     97/99      3.1G   0.04593   0.03006         0     0.076        90       640    0.8511    0.7464    0.8581    0.4442   0.03896   0.01639         0
     98/99      3.1G    0.0452   0.02948         0   0.07469        56       640    0.8698     0.726    0.8653    0.4486   0.03871   0.01608         0
     99/99      3.1G   0.04506   0.03032         0   0.07538        71       640    0.8443    0.7172    0.8396    0.4201   0.03945   0.01669         0
