       0/9     3.06G    0.1175   0.03917         0    0.1567        82       640   0.02224   0.08514  0.007106  0.001136    0.1129   0.02844         0
       1/9      3.1G    0.1107   0.03841         0    0.1491        84       640   0.02465   0.07065  0.007068  0.001143     0.106   0.02812         0
       2/9      3.1G     0.105   0.03959         0    0.1446        67       640   0.03056    0.1268   0.01122  0.001747   0.09913    0.0285         0
       3/9      3.1G    0.0993   0.03912         0    0.1384        66       640   0.04668    0.1395   0.01898  0.003169   0.09336   0.02905         0
       4/9      3.1G   0.09569   0.04295         0    0.1386       114       640   0.08045     0.183   0.03763  0.006631   0.08845    0.0295         0
       5/9      3.1G   0.09059   0.04188         0    0.1325       105       640     0.114    0.2464   0.06561   0.01219   0.08464    0.0296         0
       6/9      3.1G   0.08895   0.04612         0    0.1351        71       640    0.1751    0.2301    0.1037   0.02135   0.08142   0.02957         0
       7/9      3.1G   0.08744   0.04569         0    0.1331       123       640    0.2391    0.2428    0.1354   0.03096   0.07935   0.02927         0
       8/9      3.1G   0.08625   0.04854         0    0.1348        93       640    0.2355    0.3478    0.1846   0.04676     0.077   0.02911         0
       9/9      3.1G   0.08206   0.04791         0      0.13       100       640    0.2871    0.3442    0.2135    0.0542   0.07535    0.0289         0
