0 0.1875 0.5997596153846154 0.375 0.7475961538461539
0 0.2548076923076923 0.43149038461538464 0.4375 0.5865384615384616
0 0.3786057692307692 0.30528846153846156 0.3701923076923077 0.49038461538461536
0 0.47596153846153844 0.21995192307692307 0.30528846153846156 0.4230769230769231
0 0.5709134615384616 0.15384615384615385 0.2620192307692308 0.3076923076923077
0 0.6189903846153846 0.11778846153846154 0.21394230769230768 0.23557692307692307
0 0.6574519230769231 0.09134615384615384 0.18990384615384615 0.18269230769230768
0 0.6935096153846154 0.06610576923076923 0.17067307692307693 0.13221153846153846
0 0.7367788461538461 0.037259615384615384 0.15144230769230768 0.07451923076923077
0 0.04326923076923077 0.33533653846153844 0.08653846153846154 0.23317307692307693
0 0.08052884615384616 0.29086538461538464 0.16105769230769232 0.22596153846153846
0 0.1971153846153846 0.21033653846153846 0.13701923076923078 0.18990384615384615
0 0.23798076923076922 0.18629807692307693 0.12740384615384615 0.17307692307692307
0 0.3557692307692308 0.10576923076923077 0.0985576923076923 0.14423076923076922
0 0.43990384615384615 0.05889423076923077 0.10096153846153846 0.11778846153846154
0 0.4651442307692308 0.04927884615384615 0.08413461538461539 0.0985576923076923