0 0.7632211538461539 0.30288461538461536 0.46875 0.6057692307692307
0 0.5805288461538461 0.2764423076923077 0.4543269230769231 0.5528846153846154
0 0.4074519230769231 0.29086538461538464 0.38221153846153844 0.4879807692307692
0 0.28125 0.3233173076923077 0.31490384615384615 0.4206730769230769
0 0.15264423076923078 0.34975961538461536 0.2668269230769231 0.35336538461538464
0 0.09975961538461539 0.36538461538461536 0.19951923076923078 0.3076923076923077
0 0.06610576923076923 0.375 0.13221153846153846 0.27403846153846156
0 0.036057692307692304 0.3858173076923077 0.07211538461538461 0.24759615384615385
0 0.6442307692307693 0.054086538461538464 0.1778846153846154 0.10817307692307693
0 0.5661057692307693 0.07091346153846154 0.18028846153846154 0.14182692307692307
0 0.43028846153846156 0.09134615384615384 0.14423076923076922 0.18269230769230768
0 0.3870192307692308 0.10697115384615384 0.12980769230769232 0.17307692307692307
0 0.2536057692307692 0.15985576923076922 0.10336538461538461 0.14182692307692307
0 0.16346153846153846 0.20072115384615385 0.10096153846153846 0.125
0 0.13822115384615385 0.21394230769230768 0.08413461538461539 0.11538461538461539