0 0.2403846153846154 0.7379807692307693 0.3894230769230769 0.5192307692307693
0 0.5697115384615384 0.6274038461538461 0.38221153846153844 0.5769230769230769
0 0.8557692307692307 0.4855769230769231 0.28365384615384615 0.5865384615384616
0 0.6117788461538461 0.3894230769230769 0.25961538461538464 0.38461538461538464
0 0.37259615384615385 0.4879807692307692 0.25721153846153844 0.375
0 0.11658653846153846 0.5913461538461539 0.23076923076923078 0.36538461538461536
0 0.6887019230769231 0.3076923076923077 0.23557692307692307 0.33653846153846156
0 0.8990384615384616 0.26322115384615385 0.18990384615384615 0.3269230769230769
0 0.3870192307692308 0.3425480769230769 0.17307692307692307 0.27403846153846156
0 0.2512019230769231 0.3581730769230769 0.17067307692307693 0.25240384615384615
0 0.11778846153846154 0.38822115384615385 0.18509615384615385 0.24759615384615385