0 0.8533653846153846 0.6298076923076923 0.25240384615384615 0.5673076923076923
0 0.49399038461538464 0.6454326923076923 0.24759615384615385 0.5552884615384616
0 0.12860576923076922 0.6682692307692307 0.25721153846153844 0.5625
0 0.35096153846153844 0.45072115384615385 0.17067307692307693 0.36778846153846156
0 0.609375 0.4338942307692308 0.17067307692307693 0.3581730769230769
0 0.8846153846153846 0.41466346153846156 0.14182692307692307 0.3581730769230769
0 0.24639423076923078 0.4098557692307692 0.15865384615384615 0.31971153846153844
0 0.046875 0.46153846153846156 0.09375 0.3269230769230769
0 0.5324519230769231 0.3088942307692308 0.10817307692307693 0.2668269230769231
0 0.6610576923076923 0.2644230769230769 0.11298076923076923 0.2403846153846154
0 0.7944711538461539 0.23197115384615385 0.13221153846153846 0.23076923076923078