0 0.7139423076923077 0.5985576923076923 0.0889423076923077 0.13701923076923078
0 0.6117788461538461 0.6286057692307693 0.08653846153846154 0.13942307692307693
0 0.5108173076923077 0.6514423076923077 0.08173076923076923 0.13221153846153846
0 0.4567307692307692 0.6634615384615384 0.0889423076923077 0.13701923076923078
0 0.40625 0.6790865384615384 0.08413461538461539 0.1466346153846154
0 0.35216346153846156 0.6911057692307693 0.07692307692307693 0.1346153846153846
0 0.3016826923076923 0.6995192307692307 0.09375 0.14182692307692307
0 0.25 0.7139423076923077 0.08173076923076923 0.13701923076923078
0 0.5625 0.6418269230769231 0.08413461538461539 0.14182692307692307
0 0.6658653846153846 0.6177884615384616 0.07451923076923077 0.13701923076923078
0 0.7668269230769231 0.5805288461538461 0.07692307692307693 0.14182692307692307
0 0.8149038461538461 0.5709134615384616 0.07932692307692307 0.13701923076923078
0 0.8701923076923077 0.5637019230769231 0.09134615384615384 0.14182692307692307