0 0.6586538461538461 0.7536057692307693 0.24759615384615385 0.4831730769230769
0 0.6430288461538461 0.5649038461538461 0.14903846153846154 0.3701923076923077
0 0.6165865384615384 0.44350961538461536 0.11778846153846154 0.3125
0 0.8016826923076923 0.18389423076923078 0.06009615384615385 0.14423076923076922
0 0.921875 0.20673076923076922 0.07932692307692307 0.15144230769230768
0 0.6923076923076923 0.17427884615384615 0.06971153846153846 0.14182692307692307
0 0.18028846153846154 0.07091346153846154 0.08653846153846154 0.14182692307692307
0 0.23197115384615385 0.06971153846153846 0.06971153846153846 0.13942307692307693
0 0.2800480769230769 0.07451923076923077 0.06490384615384616 0.14903846153846154
0 0.3329326923076923 0.07572115384615384 0.0625 0.14182692307692307
0 0.39302884615384615 0.08533653846153846 0.05048076923076923 0.1346153846153846
0 0.44471153846153844 0.10216346153846154 0.06009615384615385 0.14903846153846154
0 0.12620192307692307 0.06610576923076923 0.08413461538461539 0.13221153846153846
0 0.47475961538461536 0.1201923076923077 0.05048076923076923 0.15384615384615385
0 0.6021634615384616 0.3629807692307692 0.08653846153846154 0.2764423076923077