     0/199     3.06G   0.04773   0.03351         0   0.08123        82       640    0.8437    0.8062    0.8802    0.4589   0.03893   0.01605         0
     1/199      3.1G   0.04582   0.03209         0   0.07791        84       640    0.8541     0.788    0.8862     0.465   0.03822   0.01586         0
     2/199      3.1G    0.0466   0.03055         0   0.07715        67       640     0.824    0.7971    0.8788    0.4691   0.03794   0.01578         0
     3/199      3.1G   0.04453   0.02937         0   0.07391        66       640    0.8362    0.7862    0.8815    0.4681     0.038   0.01573         0
     4/199      3.1G   0.04391   0.03165         0   0.07556       114       640    0.8667    0.7663    0.8814    0.4763   0.03754   0.01564         0
     5/199      3.1G   0.04432   0.02956         0   0.07389       105       640    0.8148    0.8212    0.8883    0.4799   0.03739    0.0156         0
     6/199      3.1G   0.04478   0.03158         0   0.07636        71       640    0.8155     0.817    0.8843    0.4759   0.03747   0.01585         0
     7/199      3.1G   0.04557   0.03185         0   0.07742       123       640    0.8279    0.7953     0.879    0.4617   0.03718     0.016         0
     8/199      3.1G    0.0448   0.03349         0   0.07829        93       640    0.7661    0.8423    0.8788    0.4778   0.03691   0.01556         0
     9/199      3.1G   0.04398   0.03143         0   0.07541       100       640    0.8548    0.7482    0.8774    0.4597   0.03782   0.01615         0
    10/199      3.1G   0.04544   0.03143         0   0.07687        83       640    0.8318    0.7808    0.8674    0.4556   0.03806   0.01566         0
    11/199      3.1G   0.04634   0.03132         0   0.07766        78       640    0.8241    0.8351     0.893      0.48   0.03798   0.01552         0
    12/199      3.1G   0.04523   0.03398         0   0.07921        97       640    0.8149    0.7896    0.8734    0.4594   0.03769   0.01602         0
    13/199      3.1G   0.04267   0.03337         0   0.07604        97       640    0.8133    0.8062    0.8903    0.4918   0.03672   0.01564         0
    14/199      3.1G   0.04332   0.03165         0   0.07497        92       640    0.7678     0.837    0.8815    0.4754   0.03707   0.01579         0
    15/199      3.1G    0.0463   0.03147         0   0.07777        84       640    0.8874    0.7446    0.8863    0.4878   0.03676   0.01531         0
    16/199      3.1G   0.04594   0.02849         0   0.07443        88       640    0.8219    0.8024    0.8798    0.4675   0.03822   0.01575         0
    17/199      3.1G   0.04442   0.03136         0   0.07578       111       640    0.8035    0.8406     0.889    0.4724   0.03805   0.01535         0
    18/199      3.1G   0.04477   0.02995         0   0.07471        72       640    0.8254    0.8152    0.8843    0.4471   0.03872   0.01538         0
    19/199      3.1G   0.04403   0.02945         0   0.07348        70       640    0.8475    0.8256    0.8919    0.4823   0.03779   0.01526         0
    20/199      3.1G   0.04408   0.03184         0   0.07592        83       640    0.8236    0.7971    0.8675    0.4565   0.03805   0.01555         0
    21/199      3.1G    0.0432   0.02937         0   0.07257        78       640    0.8397    0.8351    0.9044     0.495   0.03629   0.01527         0
    22/199      3.1G   0.04412   0.02869         0   0.07282        59       640    0.8582    0.8332    0.9084    0.4856   0.03719   0.01523         0
    23/199      3.1G   0.04384    0.0309         0   0.07474        59       640    0.8339     0.846    0.9061    0.4678   0.03779   0.01528         0
    24/199      3.1G   0.04602    0.0323         0   0.07831        82       640    0.8162    0.7971    0.8753    0.4676   0.03824   0.01573         0
    25/199      3.1G   0.04583   0.03547         0   0.08129       109       640    0.7882    0.8315    0.8826    0.4221   0.03995   0.01547         0
    26/199      3.1G    0.0449   0.03059         0    0.0755        87       640    0.8214    0.8659    0.9049    0.4638   0.03829   0.01528         0
    27/199      3.1G   0.04423   0.02866         0   0.07288        93       640    0.8943    0.8278    0.9007     0.453   0.03871   0.01503         0
    28/199      3.1G   0.04414   0.03136         0    0.0755        97       640    0.8461     0.808    0.9016    0.4802    0.0375   0.01497         0
    29/199      3.1G   0.04518   0.03105         0   0.07623        82       640    0.8326    0.8225    0.8991    0.4856   0.03808   0.01528         0
    30/199      3.1G   0.04382   0.02874         0   0.07257        67       640    0.8864     0.808    0.9095    0.4809   0.03719   0.01495         0
    31/199      3.1G   0.04599   0.03297         0   0.07896        86       640    0.8032    0.7987    0.8662    0.4669   0.03747   0.01533         0
    32/199      3.1G   0.04458   0.02985         0   0.07443        54       640    0.8928    0.7699    0.8948    0.4776   0.03771   0.01526         0
    33/199      3.1G   0.04468   0.02958         0   0.07427        90       640    0.8985    0.7541    0.8969    0.4626   0.03831   0.01543         0
    34/199      3.1G   0.04454   0.03122         0   0.07577        88       640    0.8174      0.73    0.8381    0.4106   0.04008   0.01612         0
    35/199      3.1G   0.04493   0.03204         0   0.07697        85       640    0.8373    0.7953    0.8913    0.4855   0.03846   0.01527         0
    36/199      3.1G   0.04848   0.03181         0   0.08029        83       640    0.7955    0.8207    0.8859    0.4339   0.03887   0.01536         0
    37/199      3.1G   0.04538   0.02725         0   0.07263        65       640    0.7293    0.8388    0.8429    0.3987   0.04128   0.01543         0
    38/199      3.1G   0.04636   0.03019         0   0.07654        73       640    0.7565    0.8388    0.8612     0.419   0.03852   0.01552         0
    39/199      3.1G   0.04661    0.0316         0    0.0782        79       640    0.8237    0.8388    0.8907    0.4731   0.03842   0.01504         0
    40/199      3.1G   0.04493   0.02869         0   0.07362        72       640    0.8253    0.7482    0.8474    0.4226   0.04022   0.01647         0
    41/199      3.1G    0.0459   0.02946         0   0.07536        77       640    0.8142    0.8678    0.8968    0.4521   0.03818   0.01531         0
    42/199      3.1G   0.04833   0.03263         0   0.08095        97       640    0.8469    0.7717    0.8612    0.4427   0.04122   0.01598         0
    43/199      3.1G   0.04731   0.03066         0   0.07797        67       640    0.7793     0.787    0.8378    0.4328   0.04133   0.01505         0
    44/199      3.1G   0.04741   0.03024         0   0.07765       101       640    0.8372    0.7547    0.8548    0.3919   0.04223    0.0178         0
    45/199      3.1G   0.04627   0.02889         0   0.07516        90       640    0.8643    0.7156    0.8472    0.4278   0.03963   0.01557         0
    46/199      3.1G   0.05321   0.03092         0   0.08414        84       640    0.8661    0.7264     0.837    0.3805   0.04424   0.01638         0
    47/199      3.1G   0.05266   0.03175         0   0.08442        41       640    0.7661    0.7299    0.7818    0.2991   0.04635   0.01609         0
    48/199      3.1G   0.05411   0.03439         0   0.08849       121       640    0.7611    0.7283    0.7869    0.3456   0.04805   0.01696         0
    49/199      3.1G    0.0519   0.03143         0   0.08333        95       640    0.7195    0.7389    0.7716    0.2999   0.04699   0.01787         0
    50/199      3.1G   0.05162   0.02927         0   0.08089        49       640    0.8527    0.7283    0.8369    0.3988   0.04305   0.01678         0
    51/199      3.1G   0.05122   0.03008         0    0.0813       112       640    0.7685    0.7319    0.8227     0.391   0.04429   0.01581         0
    52/199      3.1G   0.05023   0.03206         0   0.08228        95       640    0.7839    0.7624    0.8117    0.2787   0.05028    0.0164         0
    53/199      3.1G   0.05153   0.02959         0   0.08112        74       640    0.7434     0.777    0.8014    0.3381   0.04522   0.01591         0
    54/199      3.1G   0.04969     0.033         0   0.08269       117       640    0.7811    0.7368    0.8063    0.3707   0.04355     0.016         0
    55/199      3.1G   0.05273   0.03065         0   0.08338       105       640    0.6946    0.7745    0.7842    0.2886   0.04714   0.01577         0
    56/199      3.1G   0.05457   0.03361         0   0.08818        72       640    0.7617    0.7877    0.8238    0.3771   0.04284    0.0157         0
    57/199      3.1G   0.05235   0.03242         0   0.08476       112       640     0.728    0.7174    0.7338    0.2587   0.05056   0.01699         0
    58/199      3.1G   0.05035   0.02819         0   0.07854        93       640    0.8563    0.7667    0.8636    0.4001   0.04072   0.01568         0
    59/199      3.1G   0.05218   0.03332         0   0.08551        62       640    0.8125    0.7554    0.8352    0.4166   0.04022    0.0163         0
    60/199      3.1G   0.04937    0.0292         0   0.07857        71       640    0.8537    0.6974    0.7797    0.3605   0.04422   0.01715         0
    61/199      3.1G   0.04767   0.03211         0   0.07978        90       640    0.8618    0.8261     0.879    0.3947   0.04304   0.01596         0
    62/199      3.1G    0.0491   0.03087         0   0.07997        82       640    0.7814     0.777    0.8293    0.4055   0.04153   0.01705         0
    63/199      3.1G    0.0499   0.02865         0   0.07855        82       640    0.8413    0.7586    0.8645    0.3812   0.04187    0.0152         0
    64/199      3.1G   0.05076   0.02861         0   0.07937        71       640    0.8433    0.7801    0.8645    0.3947    0.0425   0.01565         0
    65/199      3.1G   0.05071   0.03217         0   0.08288        70       640    0.7101    0.7464    0.7732    0.3502   0.04499   0.01788         0
    66/199      3.1G   0.05023    0.0298         0   0.08002        82       640    0.8219    0.7699    0.8538    0.3892   0.04162   0.01574         0
    67/199      3.1G   0.04761   0.02947         0   0.07708        49       640    0.7957    0.6286    0.7582    0.3617   0.04392     0.018         0
    68/199      3.1G   0.04671   0.02991         0   0.07661        81       640     0.898     0.686    0.8616    0.4368   0.03928   0.01564         0
    69/199      3.1G    0.0478   0.02909         0   0.07689       102       640    0.8085    0.8062    0.8811     0.446   0.03904    0.0154         0
    70/199      3.1G   0.04775   0.03054         0   0.07829        76       640    0.7875    0.7065    0.7919    0.3094   0.04554   0.01839         0
    71/199      3.1G   0.05246   0.03039         0   0.08286       111       640     0.803     0.746    0.8461    0.4164   0.04032   0.01532         0
    72/199      3.1G   0.05014   0.02939         0   0.07953        56       640    0.8382    0.7156     0.797    0.3414   0.04591    0.0177         0
    73/199      3.1G   0.04745   0.02982         0   0.07728        69       640    0.8229     0.766    0.8314     0.411   0.04244   0.01648         0
    74/199      3.1G   0.04652   0.03327         0    0.0798       102       640    0.8326    0.7568    0.8584    0.3926   0.04214   0.01639         0
    75/199      3.1G   0.04869   0.03354         0   0.08223        96       640    0.8163    0.7967    0.8593    0.4006    0.0419   0.01716         0
    76/199      3.1G   0.05042   0.03277         0   0.08318       101       640      0.76    0.7699    0.8275    0.3915   0.04282   0.01618         0
    77/199      3.1G   0.04976   0.03119         0   0.08095        93       640    0.8236    0.7699    0.8559    0.4186   0.04149   0.01549         0
    78/199      3.1G   0.04718   0.02927         0   0.07645        79       640    0.8003    0.7696    0.8282    0.3047   0.04902   0.01487         0
    79/199      3.1G   0.05184   0.03036         0   0.08221       110       640    0.7279    0.8188     0.808    0.3541    0.0443   0.01473         0
    80/199      3.1G   0.05191   0.03024         0   0.08215       102       640    0.7754     0.788    0.8107     0.285   0.04916   0.01512         0
    81/199      3.1G   0.05417   0.03065         0   0.08482        63       640    0.7716    0.7989    0.8507    0.3792   0.04271   0.01571         0
    82/199      3.1G   0.04642   0.03235         0   0.07877       112       640    0.8329    0.6955    0.8135    0.3342   0.04313   0.01709         0
    83/199      3.1G   0.05017   0.03085         0   0.08102        58       640    0.7325     0.764    0.7702     0.356   0.04138   0.01537         0
    84/199      3.1G   0.04645   0.03187         0   0.07831        82       640    0.7716    0.8386    0.8784    0.4228   0.04046   0.01473         0
    85/199      3.1G   0.04639   0.02992         0   0.07631        63       640    0.8315     0.715    0.8374    0.4043   0.03975   0.01559         0
    86/199      3.1G   0.04801   0.02997         0   0.07798       119       640    0.8207    0.8041    0.8872    0.4529    0.0396   0.01483         0
    87/199      3.1G   0.04714   0.02854         0   0.07568        71       640    0.8101    0.7805    0.8481    0.4362   0.03931   0.01532         0
    88/199      3.1G   0.04941   0.02955         0   0.07896        93       640    0.8588    0.8041    0.8772    0.4348   0.04093   0.01596         0
    89/199      3.1G   0.04898   0.03284         0   0.08182        93       640    0.7826    0.7645    0.8184    0.4128   0.04112   0.01682         0
    90/199      3.1G   0.05176   0.03123         0   0.08299        80       640    0.7897    0.6736    0.7641    0.3041   0.04493    0.0172         0
    91/199      3.1G    0.0532    0.0323         0   0.08551        72       640    0.7978    0.7935      0.83    0.3489   0.04355   0.01653         0
    92/199      3.1G   0.05055   0.02916         0   0.07971        72       640    0.8345    0.8127    0.8922    0.4463   0.03972   0.01463         0
    93/199      3.1G   0.04647   0.03082         0   0.07729        75       640    0.8494    0.7373    0.8502    0.4182   0.04123   0.01553         0
    94/199      3.1G   0.04932   0.02964         0   0.07896       122       640    0.8423    0.8243    0.8919    0.4491   0.03956   0.01454         0
    95/199      3.1G   0.05129   0.02928         0   0.08058        89       640    0.8023    0.8528    0.8857    0.4349   0.04079   0.01489         0
    96/199      3.1G   0.05049   0.02831         0   0.07881        90       640    0.7685    0.7717    0.8281    0.3955   0.04454   0.01613         0
    97/199      3.1G   0.04644   0.02832         0   0.07476        90       640    0.7954    0.7608    0.8563    0.4275    0.0401   0.01548         0
    98/199      3.1G   0.04399   0.02742         0   0.07141        56       640    0.8225    0.8025    0.8757    0.4483    0.0399   0.01534         0
    99/199      3.1G   0.04519   0.02832         0    0.0735        71       640    0.8747    0.7246     0.842    0.3864   0.04145   0.01715         0
   100/199      3.1G   0.04871   0.02888         0    0.0776        80       640    0.8781    0.6938    0.8163    0.3999   0.04122   0.01648         0
   101/199      3.1G    0.0452   0.02867         0   0.07387        63       640    0.8248    0.7933    0.8528    0.4358   0.03906   0.01651         0
   102/199      3.1G   0.04341   0.02708         0    0.0705        90       640    0.8796    0.8207    0.8981    0.4573   0.03864   0.01478         0
   103/199      3.1G   0.04441   0.03181         0   0.07623        86       640    0.8596     0.721    0.8335    0.4262   0.04006   0.01593         0
   104/199      3.1G   0.04425   0.02862         0   0.07287        81       640    0.8839    0.8549     0.915    0.4697    0.0386   0.01428         0
   105/199      3.1G    0.0429   0.03024         0   0.07313        76       640    0.8664    0.8928    0.9333    0.4835   0.03801   0.01425         0
   106/199      3.1G   0.04431   0.02931         0   0.07362        94       640    0.8356    0.8388    0.9009    0.4378   0.04078   0.01449         0
   107/199      3.1G   0.04439   0.02895         0   0.07334        97       640    0.8727    0.8567    0.9161    0.4897   0.03795   0.01449         0
   108/199      3.1G   0.04418   0.02954         0   0.07372        61       640    0.8686    0.8514    0.9134    0.4976    0.0363   0.01442         0
   109/199      3.1G   0.04417    0.0283         0   0.07247       100       640    0.9155     0.817    0.9283    0.5209     0.036   0.01394         0
   110/199      3.1G   0.04364   0.02848         0   0.07212        79       640    0.9074     0.817    0.9222    0.5023   0.03561   0.01373         0
   111/199      3.1G   0.04373   0.03022         0   0.07395        84       640    0.8369    0.8207    0.9014    0.4707   0.03726   0.01415         0
   112/199      3.1G    0.0438   0.03046         0   0.07427       118       640    0.8862    0.7772       0.9    0.4813   0.03558   0.01422         0
   113/199      3.1G   0.04264   0.02973         0   0.07237        95       640    0.9066    0.8279    0.9295    0.5284   0.03471   0.01414         0
   114/199      3.1G   0.04374    0.0286         0   0.07234        91       640    0.8664    0.8623    0.9173    0.5082   0.03597   0.01411         0
   115/199      3.1G   0.04214   0.02807         0   0.07022        81       640    0.8808    0.8841    0.9229       0.5   0.03637   0.01404         0
   116/199      3.1G   0.04484   0.02923         0   0.07407       128       640    0.9168    0.8587    0.9272     0.509   0.03601   0.01361         0
   117/199      3.1G   0.04267   0.02947         0   0.07215        82       640    0.8907    0.8279    0.9105     0.487   0.03695   0.01406         0
   118/199      3.1G    0.0401   0.02821         0   0.06831        69       640    0.8689    0.7826    0.8781    0.4749   0.03714   0.01509         0
   119/199      3.1G   0.04325   0.02622         0   0.06947        81       640    0.8309    0.8279    0.8839     0.482    0.0373   0.01466         0
   120/199      3.1G   0.04356   0.02925         0    0.0728        99       640    0.8907    0.8424    0.9285     0.531   0.03472   0.01359         0
   121/199      3.1G   0.04043   0.02771         0   0.06814        60       640    0.8998    0.8783    0.9434    0.5552   0.03371   0.01316         0
   122/199      3.1G      0.04   0.02773         0   0.06774        86       640    0.9258    0.8585    0.9457    0.5687   0.03323   0.01304         0
   123/199      3.1G   0.04092   0.02768         0    0.0686        77       640    0.9037    0.8587    0.9409    0.5696   0.03327   0.01299         0
   124/199      3.1G   0.04067   0.02873         0    0.0694        95       640    0.9141    0.8677    0.9484    0.5566   0.03435   0.01321         0
   125/199      3.1G   0.04103   0.02957         0    0.0706        80       640    0.8875    0.8768    0.9419    0.5492   0.03285   0.01332         0
   126/199      3.1G   0.04052   0.02738         0   0.06791        79       640    0.9091     0.875    0.9502    0.5829   0.03217    0.0129         0
   127/199      3.1G    0.0404   0.02695         0   0.06735        98       640    0.9011    0.8586    0.9364    0.5578   0.03248   0.01346         0
   128/199      3.1G   0.03988    0.0271         0   0.06698        58       640    0.8305    0.7987    0.8845    0.5041   0.03465   0.01495         0
   129/199      3.1G   0.03749   0.02696         0   0.06445        75       640    0.8712    0.8605     0.924    0.5348    0.0352   0.01396         0
   130/199      3.1G   0.04074   0.03043         0   0.07117        57       640    0.9116    0.8785    0.9482     0.575   0.03174   0.01285         0
   131/199      3.1G   0.03804   0.02782         0   0.06586        96       640    0.8933    0.9257    0.9617     0.591   0.03148   0.01226         0
   132/199      3.1G   0.03898   0.02516         0   0.06414       111       640    0.8931    0.8931      0.95    0.5609   0.03288   0.01269         0
   133/199      3.1G   0.04032   0.02816         0   0.06848        81       640    0.9083    0.8967    0.9563     0.566   0.03243   0.01291         0
   134/199      3.1G   0.03793    0.0266         0   0.06453       104       640     0.885    0.9058    0.9526    0.5712   0.03278   0.01305         0
   135/199      3.1G    0.0391   0.02737         0   0.06647        70       640    0.8492    0.8872    0.9355    0.5529   0.03252   0.01318         0
   136/199      3.1G    0.0387   0.02425         0   0.06295        71       640    0.8996    0.8804    0.9486    0.5736   0.03208   0.01279         0
   137/199      3.1G   0.03957   0.02627         0   0.06585        55       640    0.9059    0.8891    0.9511    0.5683   0.03194   0.01248         0
   138/199      3.1G   0.03748   0.02602         0    0.0635        63       640    0.9293    0.8822    0.9572    0.5908   0.03103   0.01237         0
   139/199      3.1G   0.03973   0.02682         0   0.06655        93       640    0.9137     0.902    0.9582    0.5871   0.03114   0.01308         0
   140/199      3.1G   0.03915   0.02825         0    0.0674       124       640    0.8999    0.9149    0.9574    0.5869   0.03133   0.01272         0
   141/199      3.1G    0.0386   0.02799         0   0.06659        96       640    0.8914    0.8877    0.9457    0.5594   0.03248   0.01304         0
   142/199      3.1G   0.03826   0.02626         0   0.06452        85       640    0.9083    0.8822    0.9502    0.5646   0.03231   0.01316         0
   143/199      3.1G   0.03986     0.026         0   0.06586        99       640    0.9274    0.9019    0.9569    0.5857    0.0315   0.01263         0
   144/199      3.1G   0.03745   0.02701         0   0.06446        86       640    0.8849    0.9348    0.9598    0.5943   0.03091   0.01249         0
   145/199      3.1G   0.03811   0.02734         0   0.06544       100       640    0.9127    0.8713    0.9459    0.5754    0.0325   0.01242         0
   146/199      3.1G   0.03682   0.02599         0   0.06281        88       640    0.9272    0.8804    0.9575    0.5847   0.03199   0.01205         0
   147/199      3.1G   0.03686   0.02474         0    0.0616       112       640     0.916    0.9092    0.9636    0.6073   0.03133   0.01202         0
   148/199      3.1G   0.03737   0.02275         0   0.06013        59       640    0.8946    0.9438    0.9679    0.6178   0.03073   0.01187         0
   149/199      3.1G   0.03686   0.02784         0    0.0647        80       640     0.929    0.8822    0.9639    0.6158   0.03026   0.01184         0
   150/199      3.1G   0.03603    0.0261         0   0.06213        74       640    0.9188    0.9018    0.9628    0.6279   0.02995   0.01189         0
   151/199      3.1G   0.03744   0.02767         0   0.06511        91       640    0.9303    0.8786    0.9602    0.5785   0.03194   0.01231         0
   152/199      3.1G   0.03753   0.02586         0   0.06339        55       640    0.9148    0.8768    0.9487    0.5759    0.0319   0.01244         0
   153/199      3.1G   0.03894   0.02606         0     0.065        80       640    0.9057    0.9058    0.9543    0.5952   0.03073   0.01199         0
   154/199      3.1G    0.0346   0.02584         0   0.06045        93       640     0.923    0.8949    0.9604    0.6003   0.03012   0.01201         0
   155/199      3.1G   0.03602   0.02435         0   0.06037        70       640    0.9314    0.8858    0.9623    0.6059   0.03024   0.01176         0
   156/199      3.1G   0.03682   0.02782         0   0.06465        81       640    0.9311    0.8815    0.9546     0.595   0.03124   0.01188         0
   157/199      3.1G   0.03868   0.02662         0    0.0653        99       640     0.926    0.9073    0.9661     0.614   0.03055    0.0116         0
   158/199      3.1G   0.03717   0.02397         0   0.06114        63       640    0.9278    0.9076    0.9635    0.6168   0.03023   0.01177         0
   159/199      3.1G   0.03849   0.02585         0   0.06434        71       640      0.93    0.8913    0.9553    0.6261    0.0297   0.01197         0
   160/199      3.1G   0.03511    0.0253         0   0.06042        68       640    0.9142     0.913    0.9586    0.5971    0.0313   0.01234         0
   161/199      3.1G    0.0375   0.02635         0   0.06385       108       640    0.9152    0.8895    0.9495    0.5827   0.03165   0.01227         0
   162/199      3.1G   0.03425   0.02506         0   0.05931        96       640    0.9195    0.8893    0.9573    0.6387   0.02882   0.01167         0
   163/199      3.1G   0.03506   0.02491         0   0.05997        80       640    0.9116    0.8966    0.9608    0.6335   0.02901   0.01177         0
   164/199      3.1G   0.03701   0.02603         0   0.06303       108       640     0.938    0.8767     0.963    0.6323   0.02905   0.01163         0
   165/199      3.1G   0.03586   0.02489         0   0.06074        83       640    0.8815    0.9438    0.9616    0.6328   0.02938   0.01153         0
   166/199      3.1G   0.03672   0.02639         0   0.06312        58       640    0.9003    0.9348    0.9602    0.6202   0.02989   0.01163         0
   167/199      3.1G   0.03591   0.02633         0   0.06224       114       640    0.8989    0.9504    0.9662     0.643   0.02896   0.01145         0
   168/199      3.1G   0.03447   0.02414         0   0.05861        60       640    0.9045    0.9457    0.9694    0.6481   0.02879   0.01152         0
   169/199      3.1G   0.03589   0.02566         0   0.06154        77       640    0.9326    0.8767    0.9539    0.6009   0.03099   0.01211         0
   170/199      3.1G   0.03572   0.02491         0   0.06062        67       640    0.9422    0.8877    0.9597    0.5991   0.03157   0.01197         0
   171/199      3.1G   0.03546   0.02518         0   0.06064        71       640     0.879    0.9384     0.959     0.627   0.02997   0.01175         0
   172/199      3.1G   0.03478    0.0264         0   0.06118        71       640    0.9359    0.9004    0.9635    0.6345   0.02937   0.01144         0
   173/199      3.1G   0.03591   0.02691         0   0.06282       102       640    0.9243    0.9291    0.9698    0.6462   0.02873   0.01119         0
   174/199      3.1G   0.03478   0.02578         0   0.06056        94       640    0.9444    0.9239    0.9746    0.6438   0.02961   0.01141         0
   175/199      3.1G   0.03564   0.02646         0    0.0621        76       640    0.9388    0.9185    0.9729    0.6446   0.02895    0.0114         0
   176/199      3.1G   0.03531   0.02564         0   0.06094        73       640    0.8961    0.9529    0.9711    0.6346   0.02955   0.01148         0
   177/199      3.1G    0.0359   0.02607         0   0.06197        80       640    0.9175    0.9275     0.967    0.6212   0.02973   0.01142         0
   178/199      3.1G   0.03752    0.0252         0   0.06272       120       640    0.8931     0.942    0.9673    0.6044   0.03064   0.01154         0
   179/199      3.1G   0.03428   0.02412         0   0.05841        80       640    0.9076    0.9438    0.9703    0.6495   0.02855   0.01105         0
   180/199      3.1G   0.03642   0.02708         0   0.06351       105       640    0.9331    0.9384    0.9718    0.6494   0.02851   0.01089         0
   181/199      3.1G    0.0338   0.02431         0    0.0581       116       640    0.9315    0.9363    0.9731    0.6497   0.02907   0.01097         0
   182/199      3.1G   0.03364   0.02531         0   0.05894        92       640    0.9144    0.9488    0.9721    0.6424   0.02905   0.01122         0
   183/199      3.1G   0.03509   0.02269         0   0.05778        88       640    0.9306    0.9472    0.9728    0.6509   0.02866   0.01106         0
   184/199      3.1G   0.03353    0.0243         0   0.05783        91       640    0.9381    0.9457    0.9738    0.6594   0.02876   0.01092         0
   185/199      3.1G   0.03483   0.02339         0   0.05822        40       640    0.9371    0.9457    0.9756     0.669   0.02799   0.01084         0
   186/199      3.1G   0.03599   0.02719         0   0.06318       127       640    0.9418    0.9384    0.9764    0.6489   0.02834   0.01086         0
   187/199      3.1G   0.03542   0.02657         0   0.06199        88       640    0.9247    0.9366    0.9726    0.6631   0.02735   0.01081         0
   188/199      3.1G    0.0333   0.02287         0   0.05617        69       640    0.9152    0.9382    0.9709    0.6609   0.02769   0.01088         0
   189/199      3.1G   0.03592   0.02565         0   0.06157        98       640    0.8864    0.9221    0.9614    0.6484    0.0279   0.01136         0
   190/199      3.1G   0.03503   0.02358         0   0.05862        80       640    0.9418    0.9091    0.9695    0.6484   0.02843   0.01154         0
   191/199      3.1G   0.03452   0.02263         0   0.05715        63       640    0.9496    0.9275    0.9745    0.6586   0.02813   0.01137         0
   192/199      3.1G   0.03496   0.02549         0   0.06045        66       640     0.943     0.933    0.9752    0.6756   0.02746   0.01106         0
   193/199      3.1G   0.03323   0.02658         0    0.0598        84       640    0.9349    0.9363     0.975    0.6591   0.02815   0.01101         0
   194/199      3.1G   0.03434   0.02505         0   0.05939        57       640    0.9292    0.9293    0.9741    0.6592   0.02782   0.01093         0
   195/199      3.1G    0.0355   0.02671         0   0.06221       119       640    0.9358    0.9275    0.9746    0.6684   0.02738   0.01082         0
   196/199      3.1G   0.03331   0.02426         0   0.05757        85       640    0.9321    0.9457    0.9755    0.6517   0.02773    0.0109         0
   197/199      3.1G   0.03417   0.02372         0   0.05789        80       640    0.9451    0.9362    0.9765    0.6763   0.02706   0.01082         0
   198/199      3.1G   0.03519     0.024         0   0.05919        79       640    0.9563    0.9508    0.9807    0.6762   0.02704   0.01078         0
   199/199      3.1G   0.03483   0.02458         0   0.05941        82       640    0.9439    0.9475      0.98    0.6709   0.02744   0.01086         0
