      0/99     3.06G   0.03051   0.02324         0   0.05374        82       640    0.7882    0.7716     0.802    0.4452   0.04438   0.01644         0
      1/99     3.06G   0.02986   0.02272         0   0.05259        84       640    0.7927    0.7759    0.8107    0.4446   0.04448   0.01637         0
      2/99     3.06G   0.03151   0.02149         0     0.053        67       640    0.7829    0.7928    0.8052    0.4387   0.04511   0.01633         0
      3/99     3.06G    0.0297   0.02082         0   0.05052        66       640    0.8333    0.7757    0.8151    0.4341   0.04438   0.01643         0
      4/99     3.06G   0.02924   0.02251         0   0.05175       114       640    0.8232    0.7629    0.8076    0.4367   0.04436   0.01651         0
      5/99     3.06G   0.03039   0.02023         0   0.05063       105       640    0.8194    0.7629    0.8051    0.4385   0.04482   0.01659         0
      6/99     3.06G   0.03051   0.02252         0   0.05303        71       640    0.8052    0.7672     0.799    0.4327   0.04502   0.01655         0
      7/99     3.06G   0.02924   0.02218         0   0.05142       123       640    0.8188    0.7802    0.8096    0.4442    0.0444   0.01642         0
      8/99     3.06G   0.03055   0.02384         0   0.05439        93       640    0.8242    0.7888     0.816    0.4416   0.04371   0.01645         0
      9/99     3.06G   0.02918   0.02217         0   0.05134       100       640    0.8193    0.7623    0.7971    0.4252   0.04465    0.0168         0
     10/99     3.06G   0.02991   0.02203         0   0.05194        83       640    0.8154    0.7629    0.7898    0.4297   0.04451   0.01661         0
     11/99     3.06G   0.03109    0.0217         0   0.05279        78       640    0.8099    0.7371     0.787    0.4272   0.04446   0.01714         0
     12/99     3.06G   0.02951   0.02369         0    0.0532        97       640    0.8061    0.7543    0.7862    0.4366   0.04419    0.0167         0
     13/99     3.06G   0.02928    0.0234         0   0.05268        97       640    0.8227    0.7414    0.7954    0.4332   0.04435   0.01689         0
     14/99     3.06G   0.02798   0.02132         0    0.0493        92       640    0.8193    0.7457    0.7893    0.4311   0.04588    0.0168         0
     15/99     3.06G   0.03065   0.02215         0    0.0528        84       640    0.7933    0.7629    0.7909    0.4418   0.04525   0.01664         0
     16/99     3.06G   0.03139    0.0205         0   0.05189        88       640    0.8229     0.741    0.8003    0.4454   0.04509   0.01672         0
     17/99     3.06G   0.03076   0.02204         0    0.0528       111       640    0.8177    0.7542     0.806    0.4319   0.04498   0.01662         0
     18/99     3.06G   0.03095   0.02137         0   0.05232        72       640    0.8174    0.7543     0.805    0.4331   0.04482   0.01662         0
     19/99     3.06G   0.03072   0.02072         0   0.05143        70       640    0.8542    0.7586    0.8136    0.4448   0.04432   0.01636         0
     20/99     3.06G   0.03088   0.02241         0   0.05329        83       640    0.7929    0.7759    0.7909     0.436   0.04553   0.01682         0
     21/99     3.06G   0.02947   0.02148         0   0.05096        78       640    0.8287    0.7716    0.8053    0.4483    0.0432    0.0165         0
     22/99     3.06G   0.02954   0.02064         0   0.05019        59       640    0.8222    0.7586    0.7972    0.4233   0.04532    0.0176         0
     23/99     3.06G   0.03083   0.02275         0   0.05358        59       640    0.7978    0.7672    0.7863    0.4378   0.04531   0.01661         0
     24/99     3.07G   0.03157   0.02282         0    0.0544        82       640    0.8053    0.7845    0.7933    0.4107   0.04554   0.01714         0
     25/99     3.07G   0.03158   0.02595         0   0.05753       109       640    0.8241    0.7716    0.8012    0.4132   0.04533   0.01744         0
     26/99     3.07G   0.03026   0.02172         0   0.05197        87       640    0.7689    0.7314    0.7638    0.4175   0.04661   0.01749         0
     27/99     3.07G   0.02923   0.02055         0   0.04978        93       640    0.8333    0.7112    0.7902    0.4401   0.04453   0.01712         0
     28/99     3.07G   0.03064    0.0225         0   0.05314        97       640    0.8325    0.7283    0.7988    0.4216   0.04476   0.01673         0
     29/99     3.07G   0.03058   0.02237         0   0.05296        82       640    0.8251     0.694    0.7663    0.4225   0.04454   0.01714         0
     30/99     3.07G   0.02976   0.02056         0   0.05031        67       640    0.8135    0.7155    0.7656     0.412   0.04438   0.01714         0
     31/99     3.07G   0.03182    0.0235         0   0.05532        86       640    0.8636     0.737     0.811    0.4314    0.0428   0.01699         0
     32/99     3.07G   0.03113   0.02105         0   0.05218        54       640    0.8165    0.7672    0.8135    0.4318    0.0433   0.01717         0
     33/99     3.07G   0.02938   0.02083         0   0.05021        90       640    0.7873    0.7672    0.7965    0.4143    0.0447   0.01752         0
     34/99     3.07G   0.03003   0.02217         0    0.0522        88       640    0.7812    0.7541    0.7927    0.4267   0.04454   0.01684         0
     35/99     3.07G   0.02847   0.02244         0   0.05091        85       640    0.8337     0.694    0.7907    0.4104   0.04447   0.01756         0
     36/99     3.07G   0.03334   0.02289         0   0.05622        83       640    0.8182    0.7369    0.7833     0.415   0.04537   0.01788         0
     37/99     3.07G   0.03066   0.01939         0   0.05005        65       640    0.8244    0.7284    0.8001    0.4301   0.04452   0.01728         0
     38/99     3.07G   0.03051   0.02141         0   0.05192        73       640    0.7961    0.7802     0.809    0.4136   0.04396   0.01705         0
     39/99     3.07G   0.02993    0.0217         0   0.05163        79       640    0.8088    0.7841    0.8114    0.4208   0.04466   0.01671         0
     40/99     3.07G   0.02868   0.02023         0   0.04891        72       640    0.7969    0.7284    0.7693    0.4021    0.0441   0.01744         0
     41/99     3.07G   0.03056   0.02117         0   0.05173        77       640     0.834    0.7586    0.8143    0.4285   0.04315   0.01664         0
     42/99     3.07G   0.03136   0.02328         0   0.05465        97       640    0.8582    0.6983     0.761     0.376   0.04727   0.01743         0
     43/99     3.07G   0.02963   0.02225         0   0.05188        67       640    0.8476    0.7189    0.7812    0.3938   0.04689   0.01776         0
     44/99     3.07G      0.03   0.02123         0   0.05123       101       640    0.8269    0.7457    0.7737    0.3905   0.04613   0.01724         0
     45/99     3.07G   0.03145   0.02046         0   0.05191        90       640    0.7768    0.7801    0.7969    0.4294     0.044   0.01705         0
     46/99     3.07G   0.03273   0.02289         0   0.05563        84       640    0.8041    0.7457    0.7864    0.3655    0.0486   0.01722         0
     47/99     3.07G   0.03573   0.02331         0   0.05904        41       640    0.8017    0.7155    0.7619    0.3944   0.04441   0.01731         0
     48/99     3.07G   0.03395   0.02465         0    0.0586       121       640    0.7873    0.7241    0.7748    0.4009   0.04513   0.01745         0
     49/99     3.07G   0.03255   0.02295         0    0.0555        95       640    0.8406    0.7499     0.796    0.3997   0.04618   0.01751         0
     50/99     3.07G   0.03515   0.02157         0   0.05672        49       640    0.8156    0.7629    0.7923    0.3993   0.04635   0.01725         0
     51/99     3.07G   0.03391   0.02162         0   0.05553       112       640    0.8177    0.7541    0.7793    0.3927   0.04734   0.01725         0
     52/99     3.07G    0.0348   0.02314         0   0.05794        95       640    0.8585    0.7328    0.7736    0.3714   0.04402   0.01685         0
     53/99     3.07G   0.03345   0.02177         0   0.05522        74       640    0.7674    0.7111    0.7138      0.38   0.04728   0.01755         0
     54/99     3.07G   0.03488   0.02438         0   0.05926       117       640    0.8118    0.7457    0.7762    0.3782    0.0437    0.0169         0
     55/99     3.07G   0.03208   0.02193         0   0.05401       105       640    0.8412    0.7371     0.773    0.3881   0.04417   0.01718         0
     56/99     3.07G   0.03415   0.02445         0    0.0586        72       640    0.8243    0.7281    0.7792    0.4147   0.04422   0.01759         0
     57/99     3.07G   0.03161   0.02274         0   0.05435       112       640    0.8222    0.7802    0.7868    0.4236   0.04515    0.0167         0
     58/99     3.07G   0.03127   0.01993         0   0.05121        93       640      0.83    0.7371    0.7751    0.3691   0.04763   0.01804         0
     59/99     3.07G   0.03394   0.02414         0   0.05808        62       640    0.7707    0.7967    0.7729    0.3857    0.0461    0.0175         0
     60/99     3.07G   0.03008   0.02052         0    0.0506        71       640     0.762    0.7314    0.7775    0.4177   0.04464   0.01716         0
     61/99     3.07G   0.03104   0.02298         0   0.05402        90       640    0.8129     0.694    0.7419    0.3777   0.04739   0.01761         0
     62/99     3.07G   0.03116   0.02183         0   0.05298        82       640    0.8396    0.7672    0.8039    0.4187   0.04486   0.01747         0
     63/99     3.07G    0.0305   0.02011         0   0.05061        82       640    0.8636     0.737    0.8068    0.4185   0.04529   0.01724         0
     64/99     3.07G   0.03075   0.02033         0   0.05108        71       640    0.8783    0.6853    0.7773    0.4157   0.04595   0.01731         0
     65/99     3.07G   0.03136   0.02311         0   0.05447        70       640    0.7768    0.7371     0.761    0.4077   0.04519   0.01694         0
     66/99     3.07G   0.03096   0.02116         0   0.05211        82       640     0.833    0.7097    0.7781    0.4127   0.04692   0.01675         0
     67/99     3.07G   0.03088   0.02061         0   0.05149        49       640    0.8208     0.694    0.7745     0.401   0.04653   0.01762         0
     68/99     3.07G   0.02982     0.021         0   0.05082        81       640    0.7781    0.7414    0.7717    0.4064   0.04654   0.01677         0
     69/99     3.07G   0.02964   0.02067         0   0.05031       102       640    0.8286      0.75    0.7954    0.4273   0.04427   0.01666         0
     70/99     3.07G   0.03009   0.02102         0   0.05111        76       640    0.8323    0.7284    0.7839    0.3979   0.04514   0.01732         0
     71/99     3.07G   0.02899   0.02113         0   0.05013       111       640    0.7981    0.7325    0.7715    0.3942    0.0455   0.01697         0
     72/99     3.07G   0.03221   0.02077         0   0.05298        56       640    0.8048      0.75    0.7943     0.403   0.04371   0.01757         0
     73/99     3.07G   0.02981   0.02107         0   0.05088        69       640    0.8017    0.7672     0.798    0.4227   0.04512   0.01713         0
     74/99     3.07G   0.02918   0.02376         0   0.05294       102       640    0.8864    0.7069    0.8001    0.4206   0.04426   0.01733         0
     75/99     3.07G   0.03026   0.02388         0   0.05415        96       640    0.7899     0.681    0.7446    0.3592   0.04949   0.01859         0
     76/99     3.07G   0.03221   0.02335         0   0.05557       101       640      0.75    0.7887    0.7851    0.4085   0.04581   0.01784         0
     77/99     3.07G   0.03192   0.02248         0    0.0544        93       640    0.7707    0.7328    0.7722     0.418   0.04343    0.0182         0
     78/99     3.07G   0.02969   0.02098         0   0.05067        79       640    0.8681    0.6809    0.7861    0.4009   0.04319   0.01808         0
     79/99     3.07G   0.02994    0.0213         0   0.05124       110       640    0.8638    0.7112    0.7977    0.4008   0.04414   0.01746         0
     80/99     3.07G   0.03209   0.02093         0   0.05302       102       640    0.8141    0.7371    0.7837    0.4093   0.04467   0.01765         0
     81/99     3.07G   0.03076   0.02115         0   0.05191        63       640    0.8391    0.7198    0.7817    0.4276   0.04488   0.01729         0
     82/99     3.07G   0.02888   0.02245         0   0.05133       112       640    0.7953     0.806    0.8152    0.4388     0.043   0.01713         0
     83/99     3.07G   0.02961    0.0205         0   0.05012        58       640    0.7899    0.7455    0.7784    0.4325   0.04389    0.0168         0
     84/99     3.07G   0.03036    0.0215         0   0.05185        82       640    0.7662    0.7628    0.7713    0.4187   0.04438   0.01686         0
     85/99     3.07G   0.03049   0.02111         0    0.0516        63       640      0.79    0.7623    0.7837    0.4214   0.04417   0.01759         0
     86/99     3.07G   0.03001   0.02076         0   0.05077       119       640    0.8426    0.7152    0.7872    0.4141   0.04392   0.01747         0
     87/99     3.07G   0.03203   0.02033         0   0.05235        71       640    0.7634    0.7672    0.7854     0.401   0.04501   0.01694         0
     88/99     3.07G    0.0353   0.02164         0   0.05694        93       640    0.7652    0.7584    0.7886     0.427    0.0426   0.01713         0
     89/99     3.07G   0.03097   0.02352         0   0.05449        93       640    0.8314     0.681     0.754    0.4057   0.04376   0.01798         0
     90/99     3.07G   0.03075   0.02203         0   0.05278        80       640    0.7853    0.7112    0.7502    0.3937   0.04617   0.01772         0
     91/99     3.07G   0.03168   0.02271         0   0.05439        72       640    0.7775    0.7241    0.7654    0.3771   0.04761   0.01744         0
     92/99     3.07G   0.02948    0.0207         0   0.05018        72       640    0.8122    0.7672     0.807    0.4333   0.04469   0.01629         0
     93/99     3.07G   0.03052   0.02264         0   0.05316        75       640    0.8529    0.7498    0.8095     0.431   0.04407    0.0168         0
     94/99     3.07G    0.0291   0.02103         0   0.05013       122       640    0.8563    0.7457    0.8106    0.4218   0.04408   0.01707         0
     95/99     3.07G   0.03124    0.0217         0   0.05294        89       640    0.8224    0.7586    0.8037    0.4245   0.04412   0.01684         0
     96/99     3.07G   0.03168   0.02083         0   0.05251        90       640    0.8897    0.6983    0.7974      0.42   0.04435   0.01678         0
     97/99     3.07G   0.02956   0.02077         0   0.05033        90       640     0.839    0.7413    0.7986    0.4119   0.04395   0.01707         0
     98/99     3.07G    0.0297   0.02024         0   0.04994        56       640    0.8029    0.7586    0.7834    0.3996    0.0456    0.0171         0
     99/99     3.07G    0.0289   0.02093         0   0.04983        71       640    0.7946    0.7672    0.7967    0.4026   0.04442   0.01719         0
