     0/199     3.06G   0.03066   0.02329         0   0.05395        82       640    0.8123    0.7845    0.8118    0.4485   0.04372   0.01646         0
     1/199     3.06G   0.02959   0.02253         0   0.05212        84       640    0.8198    0.7845    0.8082      0.45   0.04424   0.01651         0
     2/199     3.06G    0.0312    0.0211         0    0.0523        67       640    0.8302    0.7802     0.806    0.4383     0.045   0.01666         0
     3/199     3.06G   0.02941   0.02061         0   0.05001        66       640    0.8257    0.7974    0.8001    0.4397    0.0446   0.01678         0
     4/199     3.06G   0.02875   0.02218         0   0.05093       114       640    0.8485      0.75    0.7881    0.4395   0.04445   0.01691         0
     5/199     3.06G   0.02962    0.0198         0   0.04942       105       640    0.8421    0.7585    0.7934    0.4353   0.04511   0.01694         0
     6/199     3.06G   0.02988   0.02204         0   0.05191        71       640    0.8341     0.737     0.787    0.4308   0.04549   0.01677         0
     7/199     3.06G   0.02854   0.02173         0   0.05027       123       640    0.8124    0.7845    0.8038    0.4395     0.045   0.01668         0
     8/199     3.06G    0.0299   0.02331         0   0.05321        93       640    0.8249    0.7931    0.8113    0.4471   0.04369   0.01678         0
     9/199     3.06G   0.02848   0.02154         0   0.05003       100       640    0.8173    0.7713    0.7914    0.4289    0.0446   0.01713         0
    10/199     3.06G   0.02903   0.02143         0   0.05046        83       640    0.8271    0.7629    0.7895    0.4314   0.04488   0.01696         0
    11/199     3.06G   0.02973   0.02104         0   0.05077        78       640    0.8426    0.7154    0.7816    0.4246   0.04533   0.01749         0
    12/199     3.07G   0.02859   0.02298         0   0.05157        97       640    0.8342    0.7414    0.7883    0.4357   0.04422   0.01717         0
    13/199     3.07G   0.02839   0.02266         0   0.05105        97       640    0.7972    0.7802    0.7886    0.4278   0.04446   0.01726         0
    14/199     3.07G   0.02699    0.0205         0   0.04749        92       640    0.8309    0.7241    0.7793    0.4243   0.04655   0.01711         0
    15/199     3.07G   0.02943   0.02128         0   0.05071        84       640    0.8283     0.728     0.784    0.4388   0.04577   0.01701         0
    16/199     3.07G   0.02986   0.01962         0   0.04949        88       640    0.8594    0.7111     0.791    0.4393   0.04598   0.01705         0
    17/199     3.07G   0.02936   0.02098         0   0.05034       111       640    0.8608    0.7198    0.7995    0.4286   0.04566   0.01695         0
    18/199     3.07G   0.02923   0.02018         0   0.04942        72       640    0.8083      0.75    0.7876    0.4239   0.04595   0.01704         0
    19/199     3.07G   0.02926   0.01972         0   0.04899        70       640    0.8096    0.7888    0.8118    0.4467   0.04471   0.01663         0
    20/199     3.07G    0.0294   0.02139         0   0.05078        83       640    0.8124    0.7845    0.8039    0.4332   0.04526   0.01732         0
    21/199     3.07G   0.02858   0.02087         0   0.04946        78       640    0.8173    0.7713    0.8128    0.4522   0.04323   0.01678         0
    22/199     3.07G   0.02971   0.02059         0    0.0503        59       640    0.8207    0.7499    0.7904    0.4228   0.04555    0.0178         0
    23/199     3.07G   0.03096   0.02279         0   0.05374        59       640    0.8037    0.7586    0.7789    0.4263   0.04553   0.01679         0
    24/199     3.07G   0.03179   0.02285         0   0.05464        82       640     0.808    0.7801     0.798      0.41   0.04535   0.01745         0
    25/199     3.07G   0.03168   0.02594         0   0.05762       109       640    0.7816    0.7716    0.7885    0.4123   0.04498   0.01777         0
    26/199     3.07G   0.03039   0.02176         0   0.05214        87       640    0.7864    0.6982    0.7489    0.4099   0.04746   0.01792         0
    27/199     3.07G   0.02962    0.0206         0   0.05022        93       640    0.8174    0.7371    0.7977    0.4363   0.04439   0.01731         0
    28/199     3.07G   0.03099   0.02261         0   0.05361        97       640    0.8586    0.7068    0.7961    0.4202   0.04494   0.01687         0
    29/199     3.07G   0.03097   0.02242         0   0.05339        82       640    0.8172    0.6936    0.7627     0.413   0.04492   0.01732         0
    30/199     3.07G   0.03003   0.02064         0   0.05068        67       640    0.7867    0.7154    0.7583    0.3989    0.0452   0.01745         0
    31/199     3.07G   0.03205   0.02357         0   0.05562        86       640    0.8142    0.7759    0.8112    0.4286   0.04364   0.01704         0
    32/199     3.07G   0.03138   0.02116         0   0.05254        54       640    0.8762    0.7325    0.8156    0.4307   0.04339   0.01733         0
    33/199     3.07G   0.02974   0.02098         0   0.05072        90       640    0.8191    0.7241    0.7817    0.4069   0.04547   0.01749         0
    34/199     3.07G   0.03037   0.02218         0   0.05254        88       640    0.8297    0.7371    0.7986    0.4231   0.04487   0.01673         0
    35/199     3.07G   0.02921   0.02264         0   0.05185        85       640    0.8342    0.6939    0.7838    0.4015   0.04459   0.01795         0
    36/199     3.07G   0.03399   0.02307         0   0.05706        83       640    0.8162    0.7273    0.7892    0.4058   0.04632   0.01781         0
    37/199     3.07G   0.03053   0.01943         0   0.04996        65       640    0.8393    0.7457    0.8154    0.4265   0.04591    0.0173         0
    38/199     3.07G   0.03156   0.02158         0   0.05314        73       640    0.8007    0.7457    0.7809    0.3997   0.04447   0.01715         0
    39/199     3.07G   0.03117    0.0221         0   0.05327        79       640    0.8517    0.7457    0.8092    0.4154   0.04461   0.01685         0
    40/199     3.07G   0.02951   0.02059         0   0.05009        72       640     0.787    0.7672    0.7856    0.4157   0.04443   0.01701         0
    41/199     3.07G   0.03156   0.02148         0   0.05304        77       640    0.8293    0.7543    0.8105    0.4253    0.0424   0.01657         0
    42/199     3.07G   0.03239   0.02362         0   0.05601        97       640    0.8319    0.7069    0.7607    0.3599    0.0473   0.01783         0
    43/199     3.07G   0.03073   0.02259         0   0.05332        67       640    0.8305    0.6983    0.7571     0.367   0.04775   0.01808         0
    44/199     3.07G   0.03143   0.02162         0   0.05305       101       640    0.8479    0.7457    0.7702    0.3789   0.04544    0.0172         0
    45/199     3.07G   0.03297   0.02074         0   0.05371        90       640     0.822    0.7364    0.7871    0.4026   0.04577   0.01708         0
    46/199     3.07G   0.03682   0.02356         0   0.06039        84       640    0.7995    0.6897    0.7529    0.2855   0.05257   0.01747         0
    47/199     3.07G   0.03873   0.02408         0   0.06281        41       640    0.7998    0.7232     0.756    0.3654   0.04542   0.01717         0
    48/199     3.07G    0.0371   0.02533         0   0.06243       121       640    0.7828    0.7455    0.7769    0.3785   0.04627    0.0175         0
    49/199     3.07G   0.03499   0.02366         0   0.05865        95       640    0.8243      0.75     0.783    0.3722   0.04852   0.01746         0
    50/199     3.07G   0.03928   0.02231         0   0.06159        49       640    0.8406    0.7069    0.7793    0.3691   0.04711   0.01788         0
    51/199     3.07G   0.03639   0.02248         0   0.05887       112       640     0.844    0.7241    0.7943    0.3825   0.04873   0.01691         0
    52/199     3.07G   0.03868   0.02384         0   0.06251        95       640    0.8314    0.7026    0.7311    0.3371   0.04702   0.01714         0
    53/199     3.07G   0.03741   0.02249         0    0.0599        74       640    0.7679    0.6422    0.6804     0.338   0.04917   0.01853         0
    54/199     3.07G   0.03816   0.02524         0   0.06339       117       640    0.7942    0.7154    0.7436    0.3096   0.04743   0.01708         0
    55/199     3.07G   0.03491   0.02308         0   0.05799       105       640    0.8357    0.7235    0.7569    0.3378   0.04654   0.01761         0
    56/199     3.07G   0.03782   0.02516         0   0.06298        72       640    0.8368    0.6851    0.7317    0.3607   0.04718   0.01801         0
    57/199     3.07G   0.03702   0.02409         0   0.06111       112       640    0.8502    0.7583    0.7697    0.3486   0.05072   0.01659         0
    58/199     3.07G   0.03791   0.02116         0   0.05908        93       640    0.6971    0.7543    0.7207    0.2761   0.05213   0.01845         0
    59/199     3.07G   0.03926   0.02535         0   0.06461        62       640    0.8046    0.7456    0.7636    0.3715    0.0466   0.01666         0
    60/199     3.07G   0.03409    0.0217         0   0.05578        71       640    0.7805    0.7586    0.7812     0.399   0.04433   0.01665         0
    61/199     3.07G   0.03286   0.02402         0   0.05687        90       640      0.82    0.7067     0.749    0.3297   0.04865   0.01743         0
    62/199     3.07G   0.03762   0.02327         0   0.06088        82       640    0.8346    0.7198    0.7754    0.3924   0.04438   0.01722         0
    63/199     3.07G   0.03641   0.02159         0     0.058        82       640    0.8032      0.75    0.7748    0.3951   0.04602   0.01731         0
    64/199     3.07G   0.03547   0.02182         0   0.05728        71       640    0.8341    0.6767    0.7485    0.3511   0.04932   0.01783         0
    65/199     3.07G   0.03861     0.025         0   0.06361        70       640    0.8184     0.681    0.7476    0.3692   0.04542   0.01744         0
    66/199     3.07G   0.03621   0.02274         0   0.05894        82       640    0.8367    0.6422    0.7525    0.3831   0.05109   0.01773         0
    67/199     3.07G   0.03496   0.02225         0   0.05721        49       640    0.8278    0.6853    0.7564    0.3728   0.04622   0.01772         0
    68/199     3.07G   0.03476   0.02268         0   0.05744        81       640    0.7989    0.6853    0.7555    0.3561   0.04737   0.01762         0
    69/199     3.07G   0.03506    0.0224         0   0.05745       102       640    0.8237    0.7457    0.8224    0.4018   0.04361   0.01652         0
    70/199     3.07G   0.03392   0.02261         0   0.05653        76       640    0.8589    0.7155    0.8085    0.3805   0.04628   0.01631         0
    71/199     3.07G   0.03549   0.02295         0   0.05844       111       640    0.7849    0.6767    0.7234    0.3418   0.04848   0.01735         0
    72/199     3.07G   0.03733    0.0225         0   0.05983        56       640    0.8045    0.7112    0.7651    0.3377   0.05046   0.01881         0
    73/199     3.07G   0.03432   0.02287         0   0.05719        69       640    0.8457    0.7328    0.7807    0.3733   0.04612   0.01777         0
    74/199     3.07G   0.03412   0.02571         0   0.05983       102       640    0.8528     0.724    0.7884    0.3848   0.04625   0.01757         0
    75/199     3.07G   0.03431   0.02538         0   0.05969        96       640    0.8322    0.7069     0.762    0.3755   0.04654   0.01838         0
    76/199     3.07G   0.03817   0.02519         0   0.06336       101       640    0.7654    0.6897    0.7271     0.319    0.0508   0.01846         0
    77/199     3.07G   0.03945   0.02461         0   0.06406        93       640    0.7934    0.7281     0.768     0.396   0.04588   0.01749         0
    78/199     3.07G    0.0357   0.02264         0   0.05835        79       640    0.8229    0.7411    0.7964    0.3957   0.04678   0.01725         0
    79/199     3.07G   0.03598   0.02425         0   0.06022       110       640    0.7243    0.7026    0.7403    0.3424   0.05042    0.0174         0
    80/199     3.07G   0.04192   0.02414         0   0.06606       102       640    0.7495    0.6983    0.7348    0.3359   0.04808   0.01775         0
    81/199     3.07G   0.03846   0.02368         0   0.06213        63       640     0.838    0.7371    0.8005     0.412     0.044   0.01714         0
    82/199     3.07G   0.03683   0.02565         0   0.06249       112       640    0.7586     0.694    0.7301    0.3543   0.04747   0.01706         0
    83/199     3.07G   0.04033   0.02356         0   0.06389        58       640    0.8418    0.6422    0.7077    0.3416   0.04916   0.01686         0
    84/199     3.07G   0.04057   0.02385         0   0.06442        82       640    0.8314    0.6595    0.7096    0.3212   0.04964   0.01796         0
    85/199     3.07G    0.0434   0.02409         0   0.06748        63       640    0.8153    0.6853    0.7496    0.3635   0.04688   0.01751         0
    86/199     3.07G   0.03566   0.02383         0   0.05949       119       640    0.7838    0.6897    0.7261    0.3262   0.04987   0.01753         0
    87/199     3.07G   0.03985   0.02302         0   0.06288        71       640    0.7324    0.6034     0.645    0.2357   0.05468   0.01781         0
    88/199     3.07G   0.04515   0.02452         0   0.06966        93       640     0.794    0.5991    0.6558      0.32   0.05056    0.0194         0
    89/199     3.07G   0.03772   0.02684         0   0.06456        93       640    0.7798    0.7198    0.7617    0.3913   0.04539   0.01759         0
    90/199     3.07G   0.03631   0.02499         0    0.0613        80       640    0.8299    0.7152     0.773    0.3767   0.04733   0.01699         0
    91/199     3.07G   0.03829   0.02527         0   0.06356        72       640    0.8678    0.6638    0.7383    0.3623   0.04784   0.01814         0
    92/199     3.07G   0.03804    0.0239         0   0.06194        72       640    0.8688    0.6852    0.7769    0.3592   0.05005    0.0172         0
    93/199     3.07G   0.03688   0.02539         0   0.06227        75       640    0.8277    0.7453    0.7964    0.3772   0.04758   0.01707         0
    94/199     3.07G   0.04047   0.02405         0   0.06452       122       640    0.8532    0.6767    0.7543    0.3465   0.04663    0.0181         0
    95/199     3.07G   0.04133   0.02421         0   0.06554        89       640      0.86    0.7148      0.79    0.3964   0.04567   0.01651         0
    96/199     3.07G   0.03892   0.02369         0    0.0626        90       640    0.8099    0.6853    0.7511    0.3753   0.04887   0.01805         0
    97/199     3.07G   0.03721   0.02339         0    0.0606        90       640    0.7857    0.7284    0.7813    0.3692   0.04423   0.01813         0
    98/199     3.07G   0.03525   0.02258         0   0.05783        56       640    0.8284    0.7698    0.8057    0.3956   0.04507   0.01705         0
    99/199     3.07G   0.03487   0.02324         0   0.05811        71       640    0.8324    0.7279    0.7827    0.3908   0.04579   0.01774         0
   100/199     3.07G   0.03595   0.02414         0   0.06009        80       640    0.8228    0.6804     0.757    0.3474   0.04981   0.01772         0
   101/199     3.07G   0.03546   0.02334         0   0.05879        63       640    0.7948    0.6681    0.7279    0.3427   0.04847   0.01915         0
   102/199     3.07G   0.03391   0.02205         0   0.05596        90       640    0.7989    0.6506    0.7165    0.3337   0.04774   0.01907         0
   103/199     3.07G   0.03576   0.02632         0   0.06208        86       640    0.8457    0.7112    0.7838    0.3949    0.0454   0.01695         0
   104/199     3.07G   0.03659   0.02378         0   0.06038        81       640     0.829    0.7371    0.7888    0.3906   0.04603   0.01664         0
   105/199     3.07G   0.03403   0.02408         0    0.0581        76       640    0.7943    0.6509    0.7064    0.3261     0.048   0.01859         0
   106/199     3.07G   0.03461    0.0244         0   0.05901        94       640    0.7867    0.7155    0.7464    0.3455   0.04816   0.01636         0
   107/199     3.07G   0.03646   0.02421         0   0.06067        97       640    0.8581    0.7069    0.7809    0.3699   0.04583   0.01672         0
   108/199     3.07G   0.03596   0.02456         0   0.06052        61       640    0.7644    0.7414    0.7645     0.361   0.04522   0.01831         0
   109/199     3.07G   0.03812   0.02415         0   0.06227       100       640    0.8225    0.7629    0.7974    0.4017   0.04354    0.0168         0
   110/199     3.07G   0.03539   0.02389         0   0.05929        79       640    0.7574     0.767    0.7747    0.3932   0.04535   0.01662         0
   111/199     3.07G    0.0344   0.02482         0   0.05923        84       640    0.7841    0.7112    0.7709    0.3871   0.04488   0.01692         0
   112/199     3.07G   0.03519   0.02496         0   0.06015       118       640    0.7844    0.7369    0.7778    0.3909   0.04457   0.01733         0
   113/199     3.07G   0.03396   0.02479         0   0.05875        95       640    0.7397    0.6983    0.7454    0.4007   0.04397   0.01845         0
   114/199     3.07G   0.03459   0.02378         0   0.05836        91       640    0.8571    0.6464    0.7483     0.381   0.04642   0.01825         0
   115/199     3.07G   0.03352   0.02306         0   0.05658        81       640    0.7668    0.7586    0.7897     0.392   0.04627   0.01677         0
   116/199     3.07G   0.03519   0.02372         0   0.05891       128       640    0.8193    0.7241    0.7799    0.3887   0.04605   0.01672         0
   117/199     3.07G   0.03408    0.0241         0   0.05818        82       640    0.8474    0.6939    0.7706    0.3914   0.04584   0.01718         0
   118/199     3.07G   0.03073   0.02307         0    0.0538        69       640    0.8302    0.6552    0.7283    0.3405   0.04611   0.01834         0
   119/199     3.07G   0.03607     0.022         0   0.05807        81       640    0.8478    0.6723    0.7408    0.3491   0.04611   0.01941         0
   120/199     3.07G    0.0385   0.02435         0   0.06285        99       640    0.8408    0.7284    0.7721    0.3904   0.04446   0.01748         0
   121/199     3.07G    0.0336   0.02348         0   0.05708        60       640     0.877    0.7067    0.8041     0.395   0.04543   0.01669         0
   122/199     3.07G   0.03142   0.02283         0   0.05425        86       640    0.8378    0.7586    0.8002    0.4169   0.04382   0.01719         0
   123/199     3.07G    0.0341   0.02246         0   0.05657        77       640    0.8116    0.7457    0.7868    0.4196   0.04344   0.01784         0
   124/199     3.07G   0.03363   0.02394         0   0.05757        95       640    0.8321    0.7069    0.7783    0.4176   0.04327   0.01745         0
   125/199     3.07G   0.03388   0.02481         0   0.05869        80       640    0.8122    0.7284    0.7498    0.3818   0.04399   0.01754         0
   126/199     3.07G    0.0334   0.02281         0   0.05621        79       640    0.8037    0.7629    0.7705    0.4116   0.04452    0.0173         0
   127/199     3.07G   0.03158   0.02218         0   0.05376        98       640    0.8464     0.689    0.7471    0.3785   0.04662   0.01799         0
   128/199     3.07G   0.03236   0.02259         0   0.05495        58       640    0.8376    0.6897    0.7647    0.3773   0.04583   0.01699         0
   129/199     3.07G   0.02994   0.02188         0   0.05182        75       640    0.7999    0.7112    0.7564    0.3901   0.04691   0.01754         0
   130/199     3.07G   0.03332   0.02495         0   0.05827        57       640    0.8092    0.7328    0.7648     0.408   0.04516   0.01694         0
   131/199     3.07G   0.03065   0.02295         0   0.05361        96       640    0.8609    0.6938    0.7533    0.4025    0.0455   0.01712         0
   132/199     3.07G   0.03161   0.02116         0   0.05277       111       640    0.8244    0.7282     0.779    0.4165   0.04506   0.01659         0
   133/199     3.07G   0.03246   0.02363         0   0.05609        81       640    0.8783    0.7155    0.8066    0.4187   0.04454    0.0171         0
   134/199     3.07G   0.03018   0.02176         0   0.05194       104       640    0.7997    0.7759     0.809    0.4197   0.04503   0.01751         0
   135/199     3.07G   0.03214   0.02258         0   0.05472        70       640    0.7947    0.7845    0.8067    0.4104   0.04497   0.01728         0
   136/199     3.07G   0.03246   0.02014         0    0.0526        71       640    0.8215    0.7543    0.7932    0.4084   0.04434   0.01681         0
   137/199     3.07G   0.03248   0.02199         0   0.05447        55       640    0.8174    0.7931    0.7977    0.3903   0.04451   0.01702         0
   138/199     3.07G   0.02999   0.02133         0   0.05132        63       640     0.762    0.7888    0.8106    0.4081    0.0441   0.01744         0
   139/199     3.07G   0.03347   0.02252         0   0.05599        93       640     0.818     0.736     0.788    0.3886   0.04385   0.01853         0
   140/199     3.07G   0.03213   0.02357         0    0.0557       124       640    0.7908    0.7026    0.7336    0.3476   0.04932   0.01891         0
   141/199     3.07G   0.03131   0.02308         0   0.05439        96       640    0.7762    0.7629    0.7807    0.4252   0.04447   0.01732         0
   142/199     3.07G   0.02982   0.02202         0   0.05184        85       640    0.8005    0.7629     0.784    0.4024    0.0449     0.017         0
   143/199     3.07G   0.03231   0.02178         0   0.05409        99       640    0.8121    0.7328    0.7741    0.4089   0.04546     0.017         0
   144/199     3.07G   0.03086   0.02273         0   0.05359        86       640    0.7883    0.7543    0.7948    0.4097   0.04399   0.01827         0
   145/199     3.07G   0.03122    0.0224         0   0.05362       100       640    0.8109    0.7586    0.7973    0.4134   0.04323   0.01777         0
   146/199     3.07G   0.02961    0.0213         0   0.05091        88       640    0.8323    0.7069    0.7773    0.4077   0.04272   0.01809         0
   147/199     3.07G   0.03024   0.02079         0   0.05104       112       640    0.7444    0.7543    0.7625    0.4038   0.04335   0.01865         0
   148/199     3.07G   0.03095   0.01884         0    0.0498        59       640    0.8116    0.7457     0.787    0.4234   0.04284   0.01742         0
   149/199     3.07G    0.0302   0.02272         0   0.05292        80       640    0.7888    0.7888    0.8109    0.4536   0.04239    0.0166         0
   150/199     3.07G   0.02892   0.02154         0   0.05046        74       640    0.8035     0.793    0.8156    0.4524   0.04268   0.01674         0
   151/199     3.07G   0.03135   0.02313         0   0.05447        91       640    0.8546    0.7371    0.7936    0.4178   0.04281   0.01766         0
   152/199     3.07G   0.03119   0.02178         0   0.05298        55       640    0.8364    0.7284    0.7883    0.4193   0.04281   0.01728         0
   153/199     3.07G   0.03189   0.02183         0   0.05372        80       640    0.8211    0.7714     0.811    0.4349   0.04311   0.01719         0
   154/199     3.07G   0.02772   0.02136         0   0.04909        93       640    0.7895    0.7931    0.8137     0.442   0.04317    0.0172         0
   155/199     3.07G    0.0296   0.02014         0   0.04974        70       640    0.8606    0.7241    0.7955    0.4505    0.0436    0.0171         0
   156/199     3.07G   0.03025   0.02337         0   0.05362        81       640    0.8571    0.7238    0.7966    0.4455   0.04283   0.01755         0
   157/199     3.07G   0.03231   0.02236         0   0.05467        99       640    0.8219    0.7758    0.8133    0.4326   0.04223    0.0174         0
   158/199     3.07G   0.03071   0.01992         0   0.05063        63       640    0.8479    0.7457    0.8125    0.4237   0.04226   0.01769         0
   159/199     3.07G   0.03166   0.02155         0    0.0532        71       640     0.875    0.7543    0.8273    0.4394   0.04181   0.01765         0
   160/199     3.07G   0.02878   0.02126         0   0.05003        68       640    0.8157    0.7888     0.811     0.422   0.04332   0.01776         0
   161/199     3.07G   0.03123   0.02141         0   0.05264       108       640    0.8197    0.7845    0.8068    0.4278   0.04395   0.01753         0
   162/199     3.07G   0.02772   0.02055         0   0.04827        96       640    0.8279    0.7716    0.8071    0.4384   0.04313   0.01748         0
   163/199     3.07G   0.02901   0.02096         0   0.04997        80       640    0.8663    0.7541    0.8039    0.4299   0.04381    0.0177         0
   164/199     3.07G   0.03076   0.02169         0   0.05245       108       640    0.8593    0.7368    0.8005    0.4298    0.0429   0.01804         0
   165/199     3.07G   0.02956   0.02097         0   0.05053        83       640    0.8747    0.7543    0.8287    0.4437   0.04319   0.01696         0
   166/199     3.07G    0.0306   0.02198         0   0.05258        58       640    0.8294    0.7756    0.8131    0.4389   0.04497   0.01684         0
   167/199     3.07G   0.02938   0.02172         0    0.0511       114       640    0.8472     0.741    0.8042    0.4368    0.0449   0.01732         0
   168/199     3.07G   0.02803   0.01998         0   0.04801        60       640    0.8308    0.7414    0.7962    0.4247   0.04511   0.01813         0
   169/199     3.07G   0.02923   0.02113         0   0.05036        77       640    0.8455    0.7328     0.789     0.427   0.04356   0.01774         0
   170/199     3.07G    0.0282   0.02058         0   0.04878        67       640    0.8173    0.7714    0.7908    0.4374   0.04382    0.0169         0
   171/199     3.07G    0.0295   0.02083         0   0.05033        71       640    0.8593     0.737    0.7921     0.442    0.0434   0.01693         0
   172/199     3.07G   0.02877    0.0221         0   0.05087        71       640    0.8793    0.7241    0.7952     0.432   0.04289   0.01741         0
   173/199     3.07G   0.02974   0.02257         0   0.05231       102       640    0.8528      0.75     0.809      0.44    0.0417   0.01738         0
   174/199     3.07G   0.02845   0.02142         0   0.04987        94       640    0.8612    0.7759    0.8295     0.452   0.04109   0.01703         0
   175/199     3.07G   0.02943   0.02206         0   0.05149        76       640    0.8253    0.8145    0.8399    0.4624   0.04064   0.01699         0
   176/199     3.07G    0.0288   0.02131         0   0.05011        73       640    0.8591    0.7887    0.8389    0.4628   0.04097   0.01749         0
   177/199     3.07G   0.02994   0.02177         0    0.0517        80       640    0.8812    0.7414    0.8139    0.4472   0.04134   0.01755         0
   178/199     3.07G   0.03164   0.02122         0   0.05286       120       640    0.8598    0.7414    0.7989    0.4229   0.04314   0.01769         0
   179/199     3.07G    0.0279   0.01996         0   0.04785        80       640    0.8382    0.7371    0.8069    0.4382   0.04206    0.0173         0
   180/199     3.07G   0.03085   0.02288         0   0.05373       105       640    0.8006    0.7974    0.8198    0.4493   0.04258   0.01719         0
   181/199     3.07G   0.02747    0.0201         0   0.04757       116       640    0.8119    0.8017    0.8213    0.4449   0.04226   0.01715         0
   182/199     3.07G   0.02736   0.02112         0   0.04848        92       640    0.8379    0.7802    0.8215    0.4284   0.04336   0.01724         0
   183/199     3.07G   0.02933   0.01871         0   0.04804        88       640    0.8161    0.7842    0.8062    0.4224   0.04284   0.01767         0
   184/199     3.07G   0.02731   0.02009         0    0.0474        91       640    0.8383     0.694    0.7651    0.4088   0.04379   0.01861         0
   185/199     3.07G   0.02869   0.01969         0   0.04839        40       640    0.8211    0.7713    0.7939    0.4288   0.04244   0.01769         0
   186/199     3.07G   0.03011   0.02268         0   0.05278       127       640    0.8742    0.7543    0.8078    0.4352   0.04224   0.01732         0
   187/199     3.07G   0.02995   0.02249         0   0.05245        88       640    0.8673    0.7327    0.8027    0.4408   0.04169   0.01747         0
   188/199     3.07G   0.02686   0.01896         0   0.04582        69       640    0.8584    0.7069    0.7854    0.4388   0.04203   0.01735         0
   189/199     3.07G   0.03043   0.02185         0   0.05228        98       640    0.8358     0.724    0.7747    0.4242   0.04273   0.01732         0
   190/199     3.07G    0.0287   0.01955         0   0.04824        80       640    0.8258    0.7974    0.8222    0.4493   0.04333   0.01752         0
   191/199     3.07G   0.02921   0.01906         0   0.04827        63       640    0.8348    0.7629    0.8114    0.4482   0.04429   0.01778         0
   192/199     3.07G   0.02885   0.02108         0   0.04993        66       640      0.82    0.7543    0.7921    0.4382   0.04361   0.01795         0
   193/199     3.07G   0.02709   0.02231         0   0.04941        84       640    0.8374    0.7326    0.7902    0.4244   0.04386   0.01807         0
   194/199     3.07G   0.02891   0.02108         0      0.05        57       640    0.8452    0.7543    0.8101    0.4343   0.04298   0.01809         0
   195/199     3.07G   0.03017   0.02239         0   0.05256       119       640    0.7739    0.7672    0.7702    0.4281   0.04242   0.01766         0
   196/199     3.07G   0.02782   0.02053         0   0.04836        85       640    0.7972    0.7454    0.7743    0.4168   0.04344   0.01738         0
   197/199     3.07G   0.02909    0.0202         0   0.04929        80       640    0.7999    0.7238    0.7714    0.4219   0.04197    0.0176         0
   198/199     3.07G   0.02941   0.02009         0   0.04949        79       640    0.7946    0.7671    0.7905    0.4235   0.04308   0.01787         0
   199/199     3.07G   0.02891    0.0209         0   0.04981        82       640    0.8461    0.7629    0.8039    0.4268   0.04291    0.0183         0
