     0/199     3.06G    0.0286   0.02198         0   0.05059        82       640    0.8479    0.7931    0.8352    0.4627   0.04078   0.01739         0
     1/199     3.06G   0.02787   0.02121         0   0.04908        84       640    0.8447    0.7974    0.8315    0.4679   0.04089   0.01728         0
     2/199     3.06G   0.02983   0.02009         0   0.04991        67       640    0.8421     0.806    0.8354    0.4562   0.04136   0.01729         0
     3/199     3.06G   0.02842   0.01991         0   0.04833        66       640    0.8472    0.7887    0.8342    0.4587    0.0413   0.01731         0
     4/199     3.06G   0.02778    0.0212         0   0.04898       114       640    0.8238     0.806    0.8326     0.464   0.04084   0.01745         0
     5/199     3.06G   0.02852   0.01896         0   0.04748       105       640    0.8252    0.8147    0.8314    0.4636   0.04141   0.01746         0
     6/199     3.06G   0.02856   0.02087         0   0.04943        71       640    0.8035     0.793    0.8091    0.4479   0.04198   0.01746         0
     7/199     3.06G   0.02756   0.02096         0   0.04852       123       640    0.8288    0.8147     0.837    0.4597   0.04162   0.01749         0
     8/199     3.06G   0.02892   0.02237         0   0.05129        93       640    0.8308     0.806    0.8384    0.4622   0.04145   0.01733         0
     9/199     3.06G   0.02744   0.02088         0   0.04832       100       640    0.8185    0.7969    0.8257    0.4571   0.04176   0.01745         0
    10/199     3.06G    0.0282   0.02072         0   0.04892        83       640     0.831    0.7843    0.8221    0.4527   0.04207   0.01733         0
    11/199     3.06G   0.02851   0.02016         0   0.04867        78       640    0.8386    0.7629    0.8192    0.4537   0.04182   0.01743         0
    12/199     3.06G   0.02751   0.02211         0   0.04962        97       640    0.8027    0.7931    0.8181    0.4547   0.04226   0.01729         0
    13/199     3.06G   0.02778   0.02204         0   0.04981        97       640    0.8333    0.7802    0.8191     0.449   0.04225   0.01733         0
    14/199     3.06G   0.02643   0.01996         0   0.04639        92       640    0.8116    0.7799    0.8111    0.4471   0.04289   0.01752         0
    15/199     3.06G   0.02866   0.02067         0   0.04934        84       640    0.8476    0.7671      0.82    0.4512   0.04232   0.01743         0
    16/199     3.07G   0.02902   0.01921         0   0.04823        88       640    0.8277    0.7672    0.8051    0.4488   0.04282   0.01756         0
    17/199     3.07G   0.02802   0.02029         0   0.04832       111       640    0.8457    0.7802    0.8126    0.4527   0.04214   0.01746         0
    18/199     3.07G   0.02786    0.0195         0   0.04736        72       640    0.8061    0.7886    0.8111    0.4528   0.04189   0.01727         0
    19/199     3.07G   0.02743   0.01845         0   0.04587        70       640    0.8154    0.8017    0.8279    0.4617   0.04201   0.01731         0
    20/199     3.07G   0.02771    0.0203         0   0.04801        83       640    0.8923    0.7499     0.834    0.4519   0.04235   0.01777         0
    21/199     3.07G   0.02658   0.01947         0   0.04606        78       640     0.882    0.7412    0.8253    0.4609   0.04168   0.01759         0
    22/199     3.07G   0.02704   0.01907         0   0.04611        59       640    0.8631    0.7629    0.8167    0.4421   0.04247   0.01811         0
    23/199     3.07G   0.02803    0.0209         0   0.04893        59       640    0.8172    0.7716    0.8106    0.4429   0.04268   0.01714         0
    24/199     3.07G   0.02857   0.02071         0   0.04929        82       640    0.8205    0.7879    0.8117    0.4315   0.04267   0.01761         0
    25/199     3.07G   0.02896    0.0239         0   0.05286       109       640    0.8575    0.7543    0.8078      0.42   0.04283   0.01796         0
    26/199     3.07G   0.02778   0.01983         0   0.04761        87       640    0.8001    0.7457    0.7807    0.4314    0.0436   0.01792         0
    27/199     3.07G   0.02666   0.01876         0   0.04542        93       640     0.809    0.7672    0.7985    0.4404   0.04333   0.01761         0
    28/199     3.07G   0.02761   0.02056         0   0.04817        97       640    0.8008    0.7802    0.8215    0.4405   0.04277   0.01755         0
    29/199     3.07G   0.02791   0.02055         0   0.04846        82       640    0.8578    0.7541    0.8162    0.4554   0.04225   0.01719         0
    30/199     3.07G   0.02727   0.01869         0   0.04596        67       640    0.8169      0.75    0.7889    0.4281   0.04304   0.01754         0
    31/199     3.07G   0.02927   0.02138         0   0.05066        86       640     0.805    0.8183    0.8365    0.4566   0.04195   0.01718         0
    32/199     3.07G    0.0282   0.01917         0   0.04737        54       640    0.8307    0.7629    0.8209    0.4574     0.042   0.01739         0
    33/199     3.07G    0.0268   0.01903         0   0.04582        90       640    0.7869    0.7799    0.8034    0.4151   0.04328    0.0181         0
    34/199     3.07G   0.02703    0.0203         0   0.04733        88       640    0.8008    0.8147    0.8185     0.442   0.04313   0.01705         0
    35/199     3.07G   0.02612    0.0204         0   0.04652        85       640    0.7911    0.7716     0.796    0.4363   0.04286   0.01729         0
    36/199     3.07G   0.03067   0.02077         0   0.05143        83       640    0.8226    0.7802    0.8072    0.4314   0.04321   0.01826         0
    37/199     3.07G   0.02725   0.01761         0   0.04486        65       640    0.8418    0.7801    0.8232    0.4471   0.04275   0.01775         0
    38/199     3.07G   0.02781   0.01945         0   0.04727        73       640    0.8538      0.78    0.8346    0.4494    0.0432    0.0174         0
    39/199     3.07G   0.02712   0.01985         0   0.04697        79       640    0.8516    0.7672    0.8265    0.4595   0.04381   0.01744         0
    40/199     3.07G   0.02694   0.01842         0   0.04537        72       640    0.8468    0.7629    0.8155    0.4519   0.04311   0.01717         0
    41/199     3.07G   0.02737   0.01917         0   0.04654        77       640    0.8017    0.7667    0.7908    0.4236   0.04292   0.01728         0
    42/199     3.07G   0.02906   0.02144         0    0.0505        97       640      0.85    0.7325    0.7879    0.4096   0.04342   0.01771         0
    43/199     3.07G     0.027   0.02046         0   0.04746        67       640    0.8724    0.7367    0.7994    0.4328   0.04368   0.01766         0
    44/199     3.07G   0.02734   0.01937         0   0.04672       101       640    0.8108    0.7757    0.7959    0.4172   0.04433    0.0177         0
    45/199     3.07G   0.02856   0.01876         0   0.04731        90       640     0.862    0.7543    0.8138     0.439   0.04398   0.01742         0
    46/199     3.07G   0.02916   0.02074         0   0.04989        84       640    0.8349    0.7412     0.797    0.4038   0.04337     0.018         0
    47/199     3.07G   0.03479   0.02171         0    0.0565        41       640    0.7918    0.7542    0.7766    0.3788   0.04751   0.01784         0
    48/199     3.07G   0.03389   0.02301         0    0.0569       121       640    0.7962     0.758    0.7841    0.4067   0.04441   0.01741         0
    49/199     3.07G   0.03171   0.02132         0   0.05303        95       640    0.8231    0.7629    0.7928    0.4197     0.043   0.01762         0
    50/199     3.07G   0.03414   0.02002         0   0.05417        49       640    0.7874    0.7198    0.7696    0.4017   0.04489   0.01876         0
    51/199     3.07G   0.03304   0.02041         0   0.05344       112       640    0.7996    0.7241    0.7602    0.3944   0.04551   0.01769         0
    52/199     3.07G   0.03176   0.02145         0   0.05321        95       640     0.831    0.7629    0.7957    0.3945   0.04589   0.01692         0
    53/199     3.07G   0.03109   0.02019         0   0.05128        74       640    0.8684    0.7111    0.7781    0.4158   0.04407   0.01751         0
    54/199     3.07G   0.03138   0.02247         0   0.05385       117       640    0.8114    0.7629    0.7933    0.4122   0.04501   0.01773         0
    55/199     3.07G   0.03071   0.02067         0   0.05138       105       640    0.8495    0.7328    0.7824    0.4224   0.04313   0.01789         0
    56/199     3.07G   0.03404   0.02307         0   0.05711        72       640    0.8656    0.6939    0.7807    0.4257   0.04275   0.01836         0
    57/199     3.07G   0.03171   0.02149         0    0.0532       112       640    0.8652    0.7193    0.7905    0.4233   0.04365   0.01738         0
    58/199     3.07G   0.02994   0.01866         0    0.0486        93       640    0.8412    0.7371    0.7936    0.4051    0.0455   0.01845         0
    59/199     3.07G   0.03306   0.02244         0    0.0555        62       640    0.8446    0.7328    0.7826    0.3841   0.04538   0.01867         0
    60/199     3.07G   0.02954    0.0193         0   0.04884        71       640    0.7839    0.7198    0.7704     0.408   0.04487   0.01828         0
    61/199     3.07G    0.0299   0.02149         0   0.05138        90       640     0.835    0.6983    0.7544    0.3813    0.0466    0.0183         0
    62/199     3.07G   0.03056   0.02071         0   0.05127        82       640    0.8461    0.6897    0.7773    0.3957   0.04819   0.01817         0
    63/199     3.07G   0.03154   0.01912         0   0.05066        82       640    0.8332    0.7328    0.7812     0.406   0.04617   0.01846         0
    64/199     3.07G   0.03058   0.01935         0   0.04993        71       640    0.8264    0.7198    0.7734    0.4128   0.04435   0.01773         0
    65/199     3.07G   0.03368   0.02211         0   0.05579        70       640    0.7705    0.7672    0.7929    0.4138   0.04508   0.01823         0
    66/199     3.07G   0.03061   0.02063         0   0.05124        82       640    0.8401    0.7026    0.7765    0.3856   0.04648   0.01775         0
    67/199     3.07G   0.03031   0.01948         0   0.04979        49       640    0.8054     0.767    0.7983    0.3995   0.04493   0.01729         0
    68/199     3.07G    0.0306   0.01976         0   0.05036        81       640    0.8035    0.7414    0.7914    0.4122   0.04313   0.01837         0
    69/199     3.07G    0.0332   0.02012         0   0.05331       102       640    0.8091    0.7672    0.8073    0.4185   0.04345   0.01813         0
    70/199     3.07G   0.03041   0.01996         0   0.05037        76       640    0.8463    0.7155    0.7839    0.4228   0.04253    0.0178         0
    71/199     3.07G   0.03089    0.0208         0    0.0517       111       640    0.8356    0.7026    0.7611    0.4017   0.04376   0.01755         0
    72/199     3.07G   0.03258   0.01993         0   0.05251        56       640    0.8203    0.7671    0.8224    0.4182   0.04255   0.01875         0
    73/199     3.07G   0.03118   0.02028         0   0.05146        69       640    0.8063    0.7537    0.7933    0.3872   0.04553    0.0183         0
    74/199     3.07G   0.03275   0.02325         0     0.056       102       640    0.8064    0.7198    0.7837    0.4079   0.04502   0.01881         0
    75/199     3.07G   0.03246   0.02344         0    0.0559        96       640    0.8208    0.7109    0.7877    0.4135    0.0472   0.01843         0
    76/199     3.07G   0.03761   0.02326         0   0.06087       101       640    0.8153    0.6848    0.7471    0.3792   0.04803   0.01846         0
    77/199     3.07G   0.03767   0.02215         0   0.05983        93       640    0.7931    0.7271    0.7737    0.3942   0.04502   0.01791         0
    78/199     3.07G   0.03212   0.02047         0   0.05259        79       640    0.7721    0.7629    0.7719    0.3374   0.04828    0.0175         0
    79/199     3.07G    0.0357    0.0215         0   0.05719       110       640    0.8091    0.6767    0.7475    0.3569   0.04822    0.0185         0
    80/199     3.07G   0.03945   0.02144         0   0.06089       102       640    0.7636    0.7543    0.7795    0.3698     0.045   0.01757         0
    81/199     3.07G   0.03237    0.0212         0   0.05358        63       640    0.8331    0.7543     0.808    0.4224   0.04315   0.01706         0
    82/199     3.07G   0.03104   0.02205         0    0.0531       112       640    0.7859    0.7284    0.7509    0.3644   0.04765   0.01812         0
    83/199     3.07G   0.03627   0.02115         0   0.05742        58       640    0.8123    0.7284    0.7671    0.3781   0.04515   0.01762         0
    84/199     3.07G   0.03349   0.02273         0   0.05622        82       640    0.8128    0.7112    0.7407    0.3755   0.04592   0.01775         0
    85/199     3.07G   0.03211   0.02108         0   0.05319        63       640    0.8299     0.715    0.7524    0.3524   0.04744   0.01792         0
    86/199     3.07G   0.03342   0.02088         0    0.0543       119       640    0.8134    0.7155    0.7882    0.3608   0.04966   0.01748         0
    87/199     3.07G   0.03575   0.02035         0    0.0561        71       640    0.8118    0.7067    0.7725    0.4012   0.04461    0.0176         0
    88/199     3.07G   0.03455   0.02147         0   0.05602        93       640    0.7797    0.7328    0.7956    0.4037   0.04574   0.01838         0
    89/199     3.07G   0.03306   0.02368         0   0.05674        93       640    0.7777    0.6636     0.731    0.3827   0.04617   0.01873         0
    90/199     3.07G   0.03285   0.02193         0   0.05479        80       640    0.7439    0.7414    0.7586    0.3911   0.04689   0.01806         0
    91/199     3.07G   0.03538   0.02267         0   0.05805        72       640    0.8504    0.6638    0.7647    0.3957   0.04534    0.0191         0
    92/199     3.07G   0.03379   0.02106         0   0.05485        72       640    0.8453    0.7066    0.7923    0.4213   0.04344   0.01803         0
    93/199     3.07G   0.03236   0.02233         0   0.05469        75       640    0.8504     0.681    0.7822      0.39   0.04625   0.01788         0
    94/199     3.07G   0.03081   0.02113         0   0.05194       122       640    0.7997    0.7069    0.7639    0.3836    0.0482   0.01787         0
    95/199     3.07G    0.0336   0.02127         0   0.05487        89       640    0.7776    0.7759    0.7749     0.373   0.04788   0.01695         0
    96/199     3.07G   0.03451   0.02109         0    0.0556        90       640    0.8632    0.7069     0.795    0.3995   0.04675    0.0177         0
    97/199     3.07G   0.03132   0.02059         0   0.05191        90       640    0.7981    0.7672    0.7913    0.4026   0.04472   0.01703         0
    98/199     3.07G   0.03136   0.01999         0   0.05135        56       640    0.8255    0.7371    0.7839    0.3826   0.04557    0.0171         0
    99/199     3.07G   0.03192   0.02057         0   0.05249        71       640    0.8356    0.7457    0.8084    0.3933   0.04525   0.01686         0
   100/199     3.07G    0.0352   0.02156         0   0.05676        80       640    0.7882    0.6896     0.741    0.3201   0.04942   0.01884         0
   101/199     3.07G   0.03243   0.02058         0   0.05301        63       640     0.781    0.6764    0.7273    0.3201   0.04992   0.01939         0
   102/199     3.07G   0.03201   0.01981         0   0.05182        90       640    0.8208    0.7112      0.77    0.4009   0.04568   0.01683         0
   103/199     3.07G   0.03067   0.02315         0   0.05381        86       640    0.8858    0.7026    0.7933    0.4112   0.04626   0.01719         0
   104/199     3.07G   0.03238   0.02115         0   0.05353        81       640    0.7783     0.681    0.7528    0.3998   0.04589   0.01804         0
   105/199     3.07G    0.0311   0.02186         0   0.05296        76       640    0.7577    0.7414    0.7679     0.385    0.0468   0.01755         0
   106/199     3.07G   0.03114   0.02204         0   0.05318        94       640     0.826    0.7364    0.7895    0.4157   0.04595   0.01707         0
   107/199     3.07G   0.03133   0.02191         0   0.05323        97       640    0.8687    0.7155    0.8004    0.4186   0.04644   0.01711         0
   108/199     3.07G   0.03239   0.02212         0   0.05451        61       640    0.8655     0.694    0.7669    0.3813   0.04754    0.0176         0
   109/199     3.07G   0.03424   0.02169         0   0.05593       100       640    0.7894    0.7759    0.7934    0.4105   0.04652   0.01687         0
   110/199     3.07G   0.03158   0.02156         0   0.05314        79       640     0.834    0.7793    0.7901    0.4191   0.04525   0.01673         0
   111/199     3.07G   0.03077   0.02216         0   0.05293        84       640    0.8376    0.7586    0.7899    0.4156   0.04495   0.01664         0
   112/199     3.07G   0.03201    0.0228         0   0.05481       118       640    0.8389    0.7198    0.7906    0.4193   0.04447   0.01679         0
   113/199     3.07G   0.03029   0.02218         0   0.05247        95       640    0.7941    0.7155    0.7719    0.4192   0.04445   0.01688         0
   114/199     3.07G   0.03236   0.02128         0   0.05363        91       640    0.7583      0.75    0.7742    0.3737   0.04693   0.01857         0
   115/199     3.07G    0.0304   0.02104         0   0.05144        81       640    0.8053    0.7328    0.7599    0.3796   0.04616   0.01753         0
   116/199     3.07G   0.03195   0.02157         0   0.05351       128       640     0.808    0.7629    0.7694    0.3914   0.04389   0.01744         0
   117/199     3.07G   0.03049   0.02139         0   0.05187        82       640    0.7782     0.741    0.7707    0.3994   0.04395   0.01762         0
   118/199     3.07G   0.02754   0.02075         0   0.04829        69       640     0.787    0.7328    0.7666    0.4148   0.04369   0.01785         0
   119/199     3.07G   0.03117   0.01984         0   0.05101        81       640    0.7886    0.7241    0.7411    0.3797   0.04611   0.01877         0
   120/199     3.07G   0.03222   0.02149         0   0.05372        99       640    0.7942    0.7328    0.7498    0.3739   0.04699   0.01893         0
   121/199     3.07G   0.03018   0.02109         0   0.05127        60       640    0.8008     0.745     0.773    0.3986   0.04446     0.018         0
   122/199     3.07G   0.02746   0.02036         0   0.04783        86       640    0.8642    0.7457    0.8083    0.4242   0.04293   0.01716         0
   123/199     3.07G   0.03045    0.0207         0   0.05115        77       640    0.8583    0.7328    0.8087    0.4361   0.04405   0.01703         0
   124/199     3.07G   0.03028   0.02148         0   0.05175        95       640    0.8594    0.7112     0.778    0.4053   0.04556   0.01762         0
   125/199     3.07G   0.03069   0.02239         0   0.05308        80       640    0.8127    0.7669    0.7804    0.4119   0.04397   0.01694         0
   126/199     3.07G   0.02972   0.02044         0   0.05015        79       640    0.8337    0.7586      0.78    0.4267   0.04377   0.01748         0
   127/199     3.07G   0.02933   0.02027         0    0.0496        98       640    0.8421    0.7586    0.7695    0.4227   0.04482   0.01782         0
   128/199     3.07G   0.02914   0.02023         0   0.04937        58       640    0.8388    0.7629    0.7998    0.4285   0.04411   0.01709         0
   129/199     3.07G   0.02654   0.01972         0   0.04627        75       640    0.8207      0.75    0.7827    0.3981   0.04598   0.01767         0
   130/199     3.07G   0.02981   0.02233         0   0.05214        57       640    0.8485    0.7241    0.7895    0.4223   0.04441   0.01739         0
   131/199     3.07G   0.02778   0.02079         0   0.04857        96       640    0.8791    0.7241    0.7902    0.4222   0.04504   0.01743         0
   132/199     3.07G   0.02816   0.01878         0   0.04694       111       640    0.8763    0.7325    0.7848    0.4244   0.04449   0.01728         0
   133/199     3.07G   0.02849   0.02095         0   0.04943        81       640    0.8526      0.75    0.8093    0.4255   0.04629    0.0175         0
   134/199     3.07G   0.02787   0.01955         0   0.04743       104       640     0.857      0.75    0.8225    0.4484   0.04453   0.01737         0
   135/199     3.07G   0.02986   0.02053         0   0.05039        70       640    0.8155    0.7457    0.7981    0.4351   0.04528   0.01735         0
   136/199     3.07G   0.02993   0.01827         0    0.0482        71       640    0.8405      0.75    0.8097    0.4315   0.04457   0.01747         0
   137/199     3.07G   0.02955   0.01984         0   0.04938        55       640     0.836    0.7716     0.818    0.4135   0.04566   0.01781         0
   138/199     3.07G   0.02696   0.01924         0    0.0462        63       640    0.8112    0.7414    0.7815    0.3997   0.04644   0.01755         0
   139/199     3.07G   0.02948   0.02018         0   0.04967        93       640    0.7702    0.7284    0.7543    0.3669   0.04605   0.01877         0
   140/199     3.07G   0.02815   0.02107         0   0.04922       124       640    0.7725    0.7317    0.7503    0.3695   0.04652   0.01925         0
   141/199     3.07G   0.02848    0.0208         0   0.04928        96       640      0.83    0.7155    0.7789    0.4252   0.04642   0.01736         0
   142/199     3.07G   0.02683   0.01968         0   0.04651        85       640     0.855     0.737    0.7983    0.4283    0.0457    0.0169         0
   143/199     3.07G   0.02915   0.01981         0   0.04896        99       640    0.8238    0.7457    0.7888    0.4353   0.04555   0.01671         0
   144/199     3.07G   0.02759   0.02055         0   0.04814        86       640    0.8473    0.7198    0.7976    0.4292   0.04456   0.01768         0
   145/199     3.07G   0.02809    0.0205         0   0.04859       100       640    0.8476      0.75     0.813    0.4385   0.04354   0.01768         0
   146/199     3.07G   0.02657   0.01916         0   0.04572        88       640     0.868    0.7369    0.8092    0.4309   0.04229   0.01784         0
   147/199     3.07G   0.02786   0.01916         0   0.04702       112       640    0.8519    0.7457    0.8058    0.4204   0.04264   0.01827         0
   148/199     3.07G   0.02737   0.01709         0   0.04446        59       640     0.833    0.7543    0.8158    0.4522   0.04333   0.01746         0
   149/199     3.07G   0.02674   0.02059         0   0.04733        80       640     0.886    0.7371    0.8219    0.4605   0.04335   0.01673         0
   150/199     3.07G    0.0262   0.01912         0   0.04532        74       640    0.8692    0.7457    0.8238    0.4404   0.04418   0.01691         0
   151/199     3.07G   0.02838   0.02118         0   0.04956        91       640     0.852    0.7198    0.7934    0.4221   0.04497   0.01753         0
   152/199     3.07G   0.02866    0.0198         0   0.04846        55       640    0.8693    0.6897    0.7783    0.4232   0.04452   0.01754         0
   153/199     3.07G   0.02892   0.01966         0   0.04858        80       640    0.7973      0.75    0.7754     0.436   0.04425   0.01735         0
   154/199     3.07G   0.02479   0.01931         0   0.04409        93       640    0.8533    0.7284    0.8014    0.4491   0.04403   0.01732         0
   155/199     3.07G   0.02666   0.01841         0   0.04507        70       640    0.8936    0.7239    0.8093    0.4517   0.04384   0.01735         0
   156/199     3.07G   0.02761   0.02118         0   0.04878        81       640    0.8434    0.7198      0.79    0.4239   0.04404   0.01794         0
   157/199     3.07G   0.02957   0.02063         0    0.0502        99       640     0.828    0.7069    0.7762    0.4283    0.0435   0.01794         0
   158/199     3.07G   0.02802   0.01779         0   0.04581        63       640      0.83    0.7155    0.7882    0.4208   0.04437   0.01845         0
   159/199     3.07G   0.02944   0.01959         0   0.04903        71       640    0.8316    0.7241     0.794    0.4235   0.04442    0.0186         0
   160/199     3.07G   0.02554   0.01934         0   0.04488        68       640    0.8206      0.75    0.8036    0.4284   0.04403   0.01835         0
   161/199     3.07G   0.02838   0.01941         0    0.0478       108       640    0.8817    0.7068    0.7967    0.4368   0.04288   0.01807         0
   162/199     3.07G   0.02487   0.01886         0   0.04373        96       640    0.8357    0.7671    0.7956    0.4406   0.04289    0.0179         0
   163/199     3.07G   0.02649   0.01915         0   0.04565        80       640    0.7996    0.7414    0.7755    0.4272   0.04348   0.01827         0
   164/199     3.07G   0.02821   0.01995         0   0.04816       108       640     0.839    0.7198    0.7853    0.4311   0.04223   0.01826         0
   165/199     3.07G   0.02642   0.01887         0   0.04529        83       640    0.8428    0.7629    0.8011    0.4544   0.04202   0.01766         0
   166/199     3.07G    0.0277   0.01957         0   0.04727        58       640     0.865    0.7456    0.8074    0.4634   0.04277   0.01786         0
   167/199     3.07G   0.02691   0.01999         0    0.0469       114       640    0.8435    0.7672    0.7995    0.4574   0.04313   0.01827         0
   168/199     3.07G   0.02539   0.01849         0   0.04388        60       640    0.8357    0.7457    0.7921    0.4436   0.04331   0.01844         0
   169/199     3.07G   0.02629   0.01914         0   0.04543        77       640    0.7946    0.7845    0.7902    0.4293   0.04379   0.01828         0
   170/199     3.07G   0.02517   0.01866         0   0.04383        67       640    0.8593    0.7369    0.8064    0.4468   0.04352   0.01773         0
   171/199     3.07G    0.0269   0.01908         0   0.04598        71       640    0.8737    0.7457     0.799    0.4538    0.0428   0.01775         0
   172/199     3.07G   0.02585    0.0205         0   0.04635        71       640    0.8449    0.7284    0.7803    0.4446   0.04281   0.01797         0
   173/199     3.07G   0.02731   0.02065         0   0.04796       102       640    0.8374    0.7326    0.7781    0.4475   0.04164   0.01844         0
   174/199     3.07G   0.02646   0.01974         0    0.0462        94       640    0.8268    0.7629    0.8016    0.4548   0.04093   0.01812         0
   175/199     3.07G   0.02763   0.02067         0   0.04829        76       640    0.8631    0.7629     0.822    0.4732   0.04066    0.0178         0
   176/199     3.07G   0.02678   0.01992         0    0.0467        73       640      0.87    0.7499    0.8283     0.461   0.04122    0.0181         0
   177/199     3.07G   0.02793   0.02045         0   0.04838        80       640    0.8571    0.7499    0.8086    0.4476   0.04196   0.01791         0
   178/199     3.07G   0.02975   0.01996         0   0.04971       120       640    0.8108    0.7414    0.7918    0.4241   0.04357   0.01814         0
   179/199     3.07G   0.02574   0.01858         0   0.04432        80       640    0.8515    0.7412    0.8056    0.4446   0.04216   0.01758         0
   180/199     3.07G   0.02874   0.02166         0    0.0504       105       640    0.8388    0.7627    0.8171    0.4468   0.04176   0.01752         0
   181/199     3.07G   0.02513   0.01895         0   0.04408       116       640    0.8564    0.7453    0.8048    0.4301   0.04226   0.01771         0
   182/199     3.07G   0.02541   0.01981         0   0.04523        92       640    0.8464    0.7629    0.8121    0.4192   0.04315   0.01779         0
   183/199     3.07G   0.02705   0.01758         0   0.04463        88       640    0.8362      0.75    0.8001    0.4136   0.04307   0.01811         0
   184/199     3.07G   0.02532   0.01889         0   0.04421        91       640    0.8349    0.7193    0.7764    0.4026   0.04378   0.01865         0
   185/199     3.07G   0.02674   0.01831         0   0.04505        40       640    0.8543    0.7112    0.7832     0.429   0.04313   0.01791         0
   186/199     3.07G   0.02835   0.02118         0   0.04953       127       640    0.8182    0.7758    0.8079    0.4507   0.04203   0.01724         0
   187/199     3.07G   0.02795   0.02116         0   0.04912        88       640    0.8529    0.7496    0.8163    0.4653   0.04145   0.01734         0
   188/199     3.07G    0.0252   0.01777         0   0.04297        69       640    0.8107    0.7759    0.8051    0.4541   0.04165   0.01726         0
   189/199     3.07G   0.02838    0.0207         0   0.04908        98       640    0.8365    0.7499    0.7957    0.4332     0.042   0.01757         0
   190/199     3.07G   0.02716    0.0182         0   0.04536        80       640    0.8518    0.7198    0.7953     0.443   0.04342   0.01774         0
   191/199     3.07G   0.02711   0.01782         0   0.04493        63       640    0.8211    0.7328    0.7842    0.4267    0.0444   0.01799         0
   192/199     3.07G   0.02661   0.01984         0   0.04645        66       640    0.8547    0.7112    0.7866    0.4312   0.04357   0.01813         0
   193/199     3.07G   0.02491   0.02085         0   0.04576        84       640    0.8053    0.7668    0.8047    0.4421   0.04305   0.01835         0
   194/199     3.07G   0.02671   0.01979         0    0.0465        57       640    0.7962    0.7759       0.8    0.4486   0.04229   0.01826         0
   195/199     3.07G   0.02812   0.02096         0   0.04908       119       640    0.7667    0.7931    0.7934    0.4448   0.04207    0.0179         0
   196/199     3.07G    0.0259   0.01887         0   0.04477        85       640    0.7649    0.7714    0.7787    0.4395   0.04209   0.01783         0
   197/199     3.07G   0.02736   0.01881         0   0.04616        80       640    0.7807    0.7672    0.7909    0.4569   0.04223   0.01776         0
   198/199     3.07G   0.02741   0.01894         0   0.04635        79       640    0.8661    0.7284    0.8093    0.4571   0.04192   0.01791         0
   199/199     3.07G   0.02693   0.01951         0   0.04644        82       640    0.8693    0.7457    0.8069     0.448   0.04165   0.01809         0
