0 0.6959134615384616 0.7259615384615384 0.17668269230769232 0.46033653846153844
0 0.6514423076923077 0.5420673076923077 0.09375 0.359375
0 0.6057692307692307 0.4254807692307692 0.07091346153846154 0.30528846153846156
0 0.7487980769230769 0.140625 0.039663461538461536 0.13942307692307693
0 0.8701923076923077 0.14423076923076922 0.056490384615384616 0.14543269230769232
0 0.6394230769230769 0.14783653846153846 0.046875 0.13701923076923078
0 0.11538461538461539 0.11538461538461539 0.05889423076923077 0.15384615384615385
0 0.16706730769230768 0.1141826923076923 0.04567307692307692 0.13341346153846154
0 0.21514423076923078 0.11298076923076923 0.039663461538461536 0.14302884615384615
0 0.26802884615384615 0.10697115384615384 0.039663461538461536 0.13701923076923078
0 0.3293269230769231 0.10697115384615384 0.03125 0.1310096153846154
0 0.38341346153846156 0.11538461538461539 0.037259615384615384 0.14302884615384615
0 0.06129807692307692 0.11778846153846154 0.05889423076923077 0.14543269230769232
0 0.41586538461538464 0.12860576923076922 0.027644230769230768 0.15144230769230768
0 0.5793269230769231 0.3485576923076923 0.04567307692307692 0.2704326923076923