1 0.3942307692307692 0.7331730769230769 0.07932692307692307 0.141826923076923
1 0.5084134615384616 0.7295673076923077 0.07091346153846154 0.139423076923076
1 0.6213942307692307 0.7307692307692307 0.07091346153846154 0.129807692307692
1 0.7115384615384616 0.7283653846153846 0.06129807692307692 0.123798076923076
1 0.2932692307692308 0.7259615384615384 0.0733173076923077 0.133413461538461
1 0.21634615384615385 0.7235576923076923 0.06490384615384616 0.121394230769230
1 0.7692307692307693 0.7247596153846154 0.051682692307692304 0.117788461538461
1 0.17668269230769232 0.7139423076923077 0.04567307692307692 0.121394230769230
1 0.3629807692307692 0.6911057692307693 0.04326923076923077 0.085336538461538
1 0.4387019230769231 0.6935096153846154 0.030048076923076924 0.079326923076923
1 0.5793269230769231 0.6983173076923077 0.04567307692307692 0.08293269230769
1 0.25 0.6923076923076923 0.037259615384615384 0.08894230769230
