      0/99     3.04G    0.1099   0.04405         0    0.1539        82       640 0.0009659   0.09239 0.0001021 1.199e-05    0.1007   0.03162         0
      1/99     2.92G    0.1046   0.04303         0    0.1477        84       640  0.001288    0.1232  0.000186 2.307e-05   0.09504   0.03162         0
      2/99     2.92G    0.1014   0.04298         0    0.1444        67       640  0.003504    0.3351  0.001192 0.0001662   0.09159   0.03158         0
      3/99     2.92G   0.09722   0.04248         0    0.1397        66       640  0.002804    0.2065 0.0007918 0.0001164   0.08921   0.03143         0
      4/99     2.92G   0.09348   0.04596         0    0.1394       114       640  0.003099    0.2283 0.0008668 0.0001285    0.0878   0.03124         0
      5/99     2.92G   0.09299    0.0432         0    0.1362       105       640  0.003272    0.2409  0.001157 0.0001702   0.08709   0.03094         0
      6/99     2.92G   0.09174   0.04764         0    0.1394        71       640   0.00336    0.2464   0.00107 0.0001664   0.08667   0.03071         0
      7/99     2.92G   0.09306   0.04593         0     0.139       123       640  0.003291    0.2428  0.001193 0.0001805   0.08661   0.03044         0
      8/99     2.92G   0.09262   0.04922         0    0.1418        93       640  0.003355    0.2464   0.00121 0.0001829    0.0862   0.03036         0
      9/99     2.92G   0.08921   0.04848         0    0.1377       100       640  0.003668    0.2482  0.001405 0.0002078   0.08616   0.03019         0
     10/99     2.92G   0.09185   0.04621         0    0.1381        83       640  0.003788    0.3623  0.001572 0.0002524     0.086   0.03006         0
     11/99     2.92G   0.09187   0.04594         0    0.1378        78       640  0.004091    0.3913  0.001794 0.0002694   0.08577   0.03002         0
     12/99     2.92G   0.09158   0.05038         0     0.142        97       640  0.003977    0.3804  0.001595  0.000232   0.08571   0.02997         0
     13/99     2.92G   0.08867   0.05201         0    0.1407        97       640  0.004223    0.4022  0.001873 0.0002773   0.08569   0.02969         0
     14/99     2.92G   0.08998   0.04851         0    0.1385        92       640  0.005332   0.09058  0.002376 0.0004393   0.08573   0.02971         0
     15/99     2.92G   0.09163    0.0472         0    0.1388        84       640  0.004169    0.3986  0.001841   0.00027   0.08551   0.02965         0
     16/99     2.92G   0.09104   0.04391         0    0.1349        88       640  0.004616   0.08333  0.001884 0.0002846   0.08615   0.02886         0
     17/99     2.92G   0.09145   0.04711         0    0.1386       111       640  0.005139    0.1123  0.001839 0.0002795   0.09741   0.02479         0
     18/99     2.92G   0.09097    0.0452         0    0.1362        72       640   0.00488    0.1304  0.001323 0.0001876   0.09704   0.02474         0
     19/99     2.92G   0.09021   0.04495         0    0.1352        70       640  0.004497    0.2192  0.001645 0.0002302   0.08854   0.02779         0
     20/99     2.92G   0.09068   0.04721         0    0.1379        83       640  0.004808    0.1957  0.001882  0.000261   0.08632   0.02971         0
     21/99     2.92G   0.08858    0.0453         0    0.1339        78       640  0.005363    0.1304  0.002052  0.000302   0.08568   0.02981         0
     22/99     2.92G   0.08982   0.04356         0    0.1334        59       640  0.005487   0.09964  0.002194 0.0003176   0.08556   0.02934         0
     23/99     2.92G   0.08835   0.04744         0    0.1358        59       640  0.005986    0.1359  0.002237 0.0003263   0.08624    0.0292         0
     24/99     2.92G   0.09078   0.04819         0     0.139        82       640  0.005207    0.1576  0.002202  0.000334   0.08465   0.02938         0
     25/99     2.92G   0.08914   0.05224         0    0.1414       109       640  0.006076    0.2428  0.002237 0.0003278   0.08438   0.02939         0
     26/99     2.92G   0.09058   0.04601         0    0.1366        87       640  0.007555   0.01812  0.001987 0.0002799   0.08473   0.02922         0
     27/99     2.92G   0.08809   0.04252         0    0.1306        93       640  0.005638    0.2228  0.002046 0.0003088   0.08496    0.0291         0
     28/99     2.92G   0.08809   0.04992         0     0.138        97       640  0.007303    0.2428  0.004196 0.0006657   0.08518   0.02864         0
     29/99     2.92G   0.08951    0.0477         0    0.1372        82       640  0.005914    0.2609  0.002585 0.0004044   0.08416    0.0292         0
     30/99     2.92G   0.08882   0.04428         0    0.1331        67       640   0.00878    0.3098  0.004065 0.0006248   0.08349   0.02913         0
     31/99     2.92G   0.09052   0.05172         0    0.1422        86       640   0.01546    0.1576  0.005694 0.0008792   0.08475   0.02826         0
     32/99     2.92G   0.08683   0.04562         0    0.1324        54       640   0.01591    0.1649  0.005923 0.0009313   0.08311   0.02889         0
     33/99     2.92G   0.08623   0.04603         0    0.1323        90       640   0.04706   0.08877   0.01191  0.001642   0.08213   0.02948         0
     34/99     2.92G   0.08695   0.04817         0    0.1351        88       640   0.02843    0.1087   0.01427  0.002316   0.08176   0.02932         0
     35/99     2.92G   0.08555   0.05042         0     0.136        85       640   0.03199    0.1486   0.01192  0.001707   0.08258   0.02873         0
     36/99     2.92G   0.08925   0.04768         0    0.1369        83       640   0.04589   0.07065   0.01053   0.00143   0.08165    0.0297         0
     37/99     2.92G   0.08564   0.04229         0    0.1279        65       640   0.08742    0.1141   0.02421  0.003512   0.08026   0.03027         0
     38/99     2.92G   0.08497    0.0474         0    0.1324        73       640   0.03691   0.09058   0.01119   0.00226   0.08042   0.03014         0
     39/99     2.92G   0.08438   0.04818         0    0.1326        79       640   0.01398   0.03947  0.003978 0.0006833   0.09002   0.02588         0
     40/99     2.92G   0.08422   0.04481         0     0.129        72       640   0.04454    0.0163  0.003043 0.0005008    0.0972   0.02422         0
     41/99     2.92G     0.084   0.04569         0    0.1297        77       640   0.08798   0.04529   0.01558  0.003077    0.0833   0.02798         0
     42/99     2.92G   0.08481   0.05239         0    0.1372        97       640    0.1427   0.08685   0.03609    0.0056   0.07934   0.02999         0
     43/99     2.92G   0.08157   0.05095         0    0.1325        67       640    0.1317    0.1757   0.05857  0.009158   0.07848   0.03014         0
     44/99     2.92G    0.0832   0.04795         0    0.1311       101       640    0.1453    0.2101   0.06931   0.01252   0.07977   0.02985         0
     45/99     2.92G   0.08241    0.0451         0    0.1275        90       640    0.1147    0.1876   0.05612  0.008522   0.07559   0.03038         0
     46/99     2.92G   0.08112   0.04886         0      0.13        84       640    0.1729    0.1467    0.0658   0.01061   0.07462   0.03024         0
     47/99     2.92G   0.08164   0.04972         0    0.1314        41       640    0.1975    0.1431   0.06982   0.01144   0.07443   0.03031         0
     48/99     2.92G   0.08065   0.05262         0    0.1333       121       640    0.1935    0.2011   0.09169   0.01568   0.07823    0.0297         0
     49/99     2.92G   0.08118   0.04848         0    0.1297        95       640    0.1886    0.2228    0.1036   0.01947   0.07695   0.02813         0
     50/99     2.92G   0.08045   0.04408         0    0.1245        49       640    0.1311    0.2446   0.07129   0.01196   0.07675   0.02803         0
     51/99     2.92G    0.0803   0.04347         0    0.1238       112       640    0.1686    0.1685   0.08253   0.01696   0.07761    0.0299         0
     52/99     2.92G   0.07894   0.05005         0     0.129        95       640    0.1445    0.3822    0.1158   0.02185     0.072    0.0281         0
     53/99     2.92G   0.07663   0.04266         0    0.1193        74       640    0.2507    0.3678    0.2024   0.04303   0.06804   0.02861         0
     54/99     2.92G   0.07873   0.04592         0    0.1246       117       640    0.1748    0.3746    0.1312   0.02462   0.06842   0.02729         0
     55/99     2.92G   0.07839   0.04384         0    0.1222       105       640    0.2417    0.3782    0.1929   0.04015   0.06654   0.02748         0
     56/99     2.92G   0.07622   0.04725         0    0.1235        72       640    0.2022    0.3478    0.1383   0.02777   0.06739    0.0265         0
     57/99     2.92G   0.07452    0.0452         0    0.1197       112       640     0.235    0.4076    0.1956   0.04384   0.06813   0.03111         0
     58/99     2.92G    0.0755   0.03913         0    0.1146        93       640    0.3384    0.3531    0.2658   0.06477   0.06461   0.02598         0
     59/99     2.92G   0.07547   0.04631         0    0.1218        62       640    0.2385    0.3134    0.1933   0.04508   0.06473   0.02624         0
     60/99     2.92G   0.07234   0.04051         0    0.1129        71       640    0.3759     0.346    0.2777    0.0622   0.06559    0.0265         0
     61/99     2.92G   0.07286   0.04427         0    0.1171        90       640    0.2833    0.3913    0.2453   0.05358   0.06259   0.02599         0
     62/99     2.92G    0.0732   0.04305         0    0.1163        82       640    0.2791    0.4185    0.2656   0.07035   0.06165   0.02536         0
     63/99     2.92G   0.07105   0.03855         0    0.1096        82       640    0.3471    0.4167    0.3004   0.07962   0.06044   0.02559         0
     64/99     2.92G   0.07028   0.03955         0    0.1098        71       640     0.418    0.3461     0.289    0.0719   0.06108   0.02711         0
     65/99     2.92G    0.0689    0.0436         0    0.1125        70       640    0.2875    0.3152    0.2234   0.05963   0.06233   0.03839         0
     66/99     2.92G   0.06821   0.04114         0    0.1094        82       640    0.4003    0.3043    0.2385   0.06235   0.06065   0.03306         0
     67/99     2.92G   0.07173   0.03926         0     0.111        49       640    0.3144    0.3623    0.2468   0.06148   0.06328   0.02931         0
     68/99     2.92G   0.06769   0.03982         0    0.1075        81       640    0.4095    0.3261    0.2769   0.06923   0.06332   0.02714         0
     69/99     2.92G   0.06727    0.0389         0    0.1062       102       640    0.3718    0.4257    0.2943   0.06333   0.06289   0.02418         0
     70/99     2.92G   0.06713   0.04098         0    0.1081        76       640    0.4375    0.4837    0.4084    0.1077   0.05768   0.02493         0
     71/99     2.92G   0.06943   0.03998         0    0.1094       111       640    0.4259    0.5013    0.4036    0.1176   0.05818   0.02318         0
     72/99     2.92G   0.06767    0.0382         0    0.1059        56       640    0.3788    0.3822    0.3233   0.09246   0.06076   0.02885         0
     73/99     2.92G   0.06505   0.03968         0    0.1047        69       640    0.4541    0.5272    0.4395    0.1284   0.05575   0.02463         0
     74/99     2.92G   0.06481   0.04392         0    0.1087       102       640    0.4842    0.4185    0.4057    0.1119   0.05601   0.02582         0
     75/99     2.92G   0.06684   0.04321         0    0.1101        96       640    0.5183    0.4783    0.4649    0.1491   0.05512   0.02486         0
     76/99     2.92G   0.06705   0.04227         0    0.1093       101       640    0.4095       0.5    0.4118    0.1088   0.05848   0.02494         0
     77/99     2.92G   0.06841   0.04002         0    0.1084        93       640    0.5102    0.5163    0.5048    0.1516   0.05604   0.02302         0
     78/99     2.92G   0.06379   0.03901         0    0.1028        79       640    0.5358    0.4656    0.4807    0.1615   0.05412   0.02423         0
     79/99     2.92G   0.06258   0.03934         0    0.1019       110       640    0.5364    0.4401    0.4418    0.1488   0.05371   0.02256         0
     80/99     2.92G   0.06149   0.03912         0    0.1006       102       640    0.3358    0.4783    0.3143   0.09445   0.05646   0.02595         0
     81/99     2.92G   0.06351   0.03874         0    0.1022        63       640    0.5266    0.4837     0.476     0.149   0.05365   0.02522         0
     82/99     2.92G   0.06356   0.04154         0    0.1051       112       640    0.5573    0.4674    0.4826    0.1531    0.0549   0.02651         0
     83/99     2.92G   0.06298   0.03802         0     0.101        58       640    0.4769    0.4691    0.4209     0.136   0.05522   0.02521         0
     84/99     2.92G   0.06463   0.03807         0    0.1027        82       640    0.5484    0.4275    0.4367    0.1435   0.05633   0.02407         0
     85/99     2.92G     0.064   0.03816         0    0.1022        63       640    0.6195    0.3835    0.4439    0.1507   0.05591   0.02421         0
     86/99     2.92G    0.0621   0.03868         0    0.1008       119       640    0.6322    0.5236    0.5588     0.195   0.05293   0.02173         0
     87/99     2.92G   0.06014   0.03642         0   0.09655        71       640    0.7084    0.4638    0.5763     0.216    0.0524   0.02213         0
     88/99     2.92G   0.06344   0.03786         0    0.1013        93       640    0.6531    0.5543    0.6048    0.2218   0.05319   0.02212         0
     89/99     2.92G   0.06317    0.0413         0    0.1045        93       640    0.6104     0.538    0.6054     0.237   0.05061   0.02149         0
     90/99     2.92G    0.0621   0.03921         0    0.1013        80       640    0.6451    0.5453    0.5999    0.2206   0.05134   0.02291         0
     91/99     2.92G   0.06258   0.03964         0    0.1022        72       640    0.5698    0.4946    0.4873    0.1384   0.05606   0.02287         0
     92/99     2.92G   0.06484   0.03602         0    0.1009        72       640    0.5335    0.6159    0.5848    0.2139   0.05183   0.02249         0
     93/99     2.92G   0.06061   0.03918         0   0.09979        75       640    0.6054     0.529    0.5736    0.2153   0.05119   0.02167         0
     94/99     2.92G   0.05926   0.03863         0    0.0979       122       640    0.6264    0.6123    0.6487    0.2585   0.04998   0.02228         0
     95/99     2.92G   0.06005    0.0374         0   0.09746        89       640    0.6597    0.6159    0.6602    0.2665   0.05059   0.02191         0
     96/99     2.92G   0.05978   0.03584         0   0.09561        90       640    0.6544     0.663    0.6812    0.2771   0.05004   0.02227         0
     97/99     2.92G   0.05669   0.03606         0   0.09275        90       640    0.6808    0.5565    0.6307    0.2439   0.05158   0.02216         0
     98/99     2.92G   0.05664   0.03546         0    0.0921        56       640     0.653    0.5924    0.6119    0.2068   0.05354     0.022         0
     99/99     2.92G   0.05577   0.03631         0   0.09208        71       640    0.5725    0.5072    0.5499    0.2018   0.05368   0.02351         0
