      0/99     3.06G   0.03163   0.02393         0   0.05556        82       640    0.8132    0.7759    0.8095    0.4121   0.04513   0.01594         0
      1/99     3.06G   0.03099   0.02337         0   0.05436        84       640    0.8295    0.7586    0.8115    0.4228   0.04489   0.01594         0
      2/99     3.06G   0.03288   0.02216         0   0.05504        67       640    0.8127    0.7672    0.8111     0.422   0.04529   0.01591         0
      3/99     3.06G   0.03099   0.02144         0   0.05243        66       640     0.828      0.75    0.8075    0.4209   0.04428   0.01615         0
      4/99     3.06G   0.03038   0.02319         0   0.05357       114       640    0.8168    0.7881    0.8127    0.4306   0.04407   0.01631         0
      5/99     3.06G   0.03152   0.02093         0   0.05245       105       640    0.8135    0.7716    0.7978    0.4242   0.04446   0.01636         0
      6/99     3.06G   0.03156   0.02324         0   0.05481        71       640    0.8907    0.7026    0.8013    0.4205   0.04465    0.0163         0
      7/99     3.06G   0.03057   0.02299         0   0.05356       123       640    0.7989    0.7716    0.8025    0.4333    0.0439   0.01617         0
      8/99     3.06G   0.03175   0.02468         0   0.05643        93       640    0.8133    0.7716    0.8001    0.4344   0.04353   0.01614         0
      9/99     3.06G   0.03043   0.02311         0   0.05354       100       640    0.8102    0.7543    0.7988    0.4168   0.04415    0.0166         0
     10/99     3.06G    0.0317   0.02301         0   0.05471        83       640    0.7897    0.7931    0.7975    0.4244   0.04412   0.01615         0
     11/99     3.06G    0.0323   0.02263         0   0.05493        78       640    0.8147    0.7586     0.785    0.4235    0.0443   0.01671         0
     12/99     3.06G   0.03061   0.02466         0   0.05527        97       640    0.8154    0.7629    0.7937    0.4398   0.04364   0.01657         0
     13/99     3.06G   0.03058   0.02442         0     0.055        97       640    0.8108    0.7756    0.8089    0.4412    0.0441   0.01659         0
     14/99     3.06G   0.02933   0.02232         0   0.05166        92       640    0.7954    0.7542    0.7842    0.4264   0.04573   0.01641         0
     15/99     3.06G   0.03214   0.02308         0   0.05523        84       640    0.7827    0.7629    0.7851    0.4388     0.045   0.01629         0
     16/99     3.06G   0.03238   0.02106         0   0.05344        88       640    0.8333    0.7326     0.802    0.4444   0.04465   0.01643         0
     17/99     3.06G   0.03088   0.02221         0   0.05309       111       640    0.7727     0.806    0.8132    0.4342   0.04447   0.01633         0
     18/99     3.06G   0.03108   0.02145         0   0.05253        72       640    0.8347    0.7414    0.8022    0.4312   0.04495   0.01636         0
     19/99     3.06G   0.03075   0.02083         0   0.05158        70       640    0.8492    0.7543    0.8131    0.4399   0.04433    0.0161         0
     20/99     3.06G   0.03092   0.02248         0    0.0534        83       640    0.8458    0.7371     0.793    0.4289   0.04511   0.01665         0
     21/99     3.06G   0.02962   0.02156         0   0.05118        78       640    0.8341    0.7586    0.8082    0.4434   0.04301   0.01635         0
     22/99     3.06G   0.02966   0.02072         0   0.05038        59       640    0.8379    0.7586    0.7998      0.43   0.04522   0.01732         0
     23/99     3.06G   0.03092   0.02281         0   0.05373        59       640    0.8036    0.7584    0.7834    0.4345   0.04519   0.01645         0
     24/99     3.06G   0.03167    0.0229         0   0.05456        82       640    0.8232    0.7624    0.7917    0.4107    0.0456   0.01693         0
     25/99     3.06G   0.03174   0.02605         0   0.05779       109       640    0.8439    0.7456    0.7956    0.4154   0.04517   0.01727         0
     26/99     3.06G   0.03034   0.02177         0   0.05212        87       640    0.7685    0.7328    0.7663    0.4197   0.04609   0.01722         0
     27/99     3.06G   0.02924   0.02062         0   0.04986        93       640    0.8217    0.7155    0.7936    0.4418   0.04448   0.01704         0
     28/99     3.06G    0.0306   0.02255         0   0.05314        97       640    0.8204    0.7284    0.7926    0.4153   0.04496   0.01663         0
     29/99     3.06G   0.03059   0.02242         0   0.05302        82       640      0.85    0.6853    0.7775    0.4208    0.0447   0.01705         0
     30/99     3.06G   0.02975   0.02059         0   0.05035        67       640    0.7771    0.7363    0.7677    0.4104   0.04464   0.01705         0
     31/99     3.06G   0.03189   0.02357         0   0.05546        86       640    0.8717    0.7371    0.8127     0.433   0.04305   0.01686         0
     32/99     3.06G   0.03121    0.0211         0   0.05232        54       640    0.8135    0.7716    0.8171    0.4321    0.0436   0.01702         0
     33/99     3.06G   0.02941    0.0209         0   0.05031        90       640     0.822    0.7365    0.7965    0.4139   0.04472   0.01738         0
     34/99     3.06G    0.0302   0.02222         0   0.05242        88       640    0.8085    0.7284    0.7938    0.4249   0.04447   0.01683         0
     35/99     3.06G   0.02855   0.02251         0   0.05106        85       640    0.8429     0.694    0.7862    0.4113   0.04415   0.01747         0
     36/99     3.06G   0.03329   0.02289         0   0.05619        83       640    0.8275    0.7241    0.7857    0.4072   0.04572   0.01776         0
     37/99     3.06G   0.03048   0.01945         0   0.04994        65       640    0.8315    0.7457    0.8094    0.4294   0.04427   0.01703         0
     38/99     3.06G    0.0305   0.02146         0   0.05196        73       640    0.7928    0.7759    0.8021    0.4135   0.04419    0.0169         0
     39/99     3.06G   0.02994   0.02175         0   0.05168        79       640    0.7832    0.7628    0.7972    0.4179   0.04473   0.01666         0
     40/99     3.06G   0.02873   0.02028         0     0.049        72       640    0.8142    0.7368    0.7806    0.4036   0.04441   0.01713         0
     41/99     3.06G   0.03071   0.02121         0   0.05192        77       640    0.8348    0.7629    0.8188    0.4287   0.04309   0.01668         0
     42/99     3.06G    0.0314   0.02334         0   0.05474        97       640    0.8656    0.6938    0.7647     0.381     0.047   0.01739         0
     43/99     3.07G   0.02972   0.02229         0     0.052        67       640    0.8159    0.7452    0.7789    0.3901     0.047   0.01787         0
     44/99     3.07G   0.03002   0.02123         0   0.05125       101       640    0.8382    0.7371    0.7785     0.393   0.04619   0.01722         0
     45/99     3.07G   0.03152    0.0205         0   0.05201        90       640    0.8629    0.7069    0.7956    0.4294   0.04427   0.01702         0
     46/99     3.07G   0.03239   0.02289         0   0.05528        84       640    0.7999    0.7583    0.7871    0.3687   0.04852   0.01712         0
     47/99     3.07G   0.03492   0.02326         0   0.05818        41       640    0.7971    0.7111    0.7599    0.3961   0.04463    0.0176         0
     48/99     3.07G   0.03389   0.02468         0   0.05856       121       640    0.7747    0.7414    0.7688     0.397   0.04502   0.01747         0
     49/99     3.07G   0.03254   0.02292         0   0.05547        95       640    0.8308    0.7618    0.7964     0.405   0.04586   0.01744         0
     50/99     3.07G   0.03463   0.02148         0   0.05611        49       640    0.8044    0.7845    0.7889    0.4083   0.04629   0.01715         0
     51/99     3.07G   0.03389   0.02163         0   0.05552       112       640    0.8253    0.7543    0.7893    0.3859   0.04695    0.0171         0
     52/99     3.07G   0.03462   0.02316         0   0.05777        95       640    0.8232    0.7629    0.7809    0.3866   0.04694   0.01695         0
     53/99     3.07G   0.03289   0.02183         0   0.05471        74       640    0.7755    0.6853    0.7238    0.3722   0.04661   0.01772         0
     54/99     3.07G   0.03158   0.02385         0   0.05543       117       640    0.8218    0.7155    0.7899    0.4092    0.0431   0.01702         0
     55/99     3.07G   0.03089   0.02187         0   0.05276       105       640     0.834    0.7371    0.7768    0.4049   0.04389   0.01729         0
     56/99     3.07G   0.03383   0.02437         0    0.0582        72       640    0.8656    0.6939    0.7771    0.4121   0.04383   0.01733         0
     57/99     3.07G   0.03195   0.02277         0   0.05473       112       640    0.8086    0.7672     0.791     0.419   0.04435   0.01697         0
     58/99     3.07G   0.03155   0.02005         0   0.05159        93       640     0.801    0.6939    0.7427    0.3335   0.04918    0.0183         0
     59/99     3.07G   0.03357   0.02416         0   0.05772        62       640    0.8036    0.7583    0.7841    0.3947   0.04633   0.01714         0
     60/99     3.07G   0.03046   0.02061         0   0.05107        71       640    0.8037    0.7069    0.7753    0.4192   0.04547   0.01719         0
     61/99     3.07G   0.03118   0.02305         0   0.05423        90       640    0.8125    0.7284     0.764    0.3819   0.04574   0.01734         0
     62/99     3.07G    0.0308   0.02184         0   0.05264        82       640    0.8469    0.7629     0.808    0.4171   0.04585   0.01731         0
     63/99     3.07G   0.03046   0.02013         0   0.05059        82       640    0.8584    0.7314    0.7976    0.4236   0.04517   0.01708         0
     64/99     3.07G    0.0307   0.02035         0   0.05104        71       640    0.7775    0.7586    0.7678     0.405   0.04664    0.0174         0
     65/99     3.07G   0.03115   0.02314         0   0.05429        70       640    0.7671    0.7667    0.7576    0.4074   0.04514   0.01692         0
     66/99     3.07G   0.03093   0.02119         0   0.05211        82       640    0.8367    0.6853    0.7682     0.406   0.04741   0.01676         0
     67/99     3.07G   0.03082   0.02069         0   0.05151        49       640    0.8376    0.6893    0.7752    0.3847   0.04719    0.0176         0
     68/99     3.07G   0.03026   0.02102         0   0.05129        81       640    0.8366    0.7069    0.7679    0.4165   0.04538   0.01693         0
     69/99     3.07G   0.02983   0.02072         0   0.05054       102       640    0.7981    0.7666    0.7983    0.4239   0.04411   0.01675         0
     70/99     3.07G   0.03001   0.02098         0   0.05099        76       640    0.7962     0.758    0.7771    0.4035   0.04443   0.01728         0
     71/99     3.07G   0.02832    0.0211         0   0.04941       111       640    0.8332    0.7105    0.7651    0.4015   0.04487   0.01714         0
     72/99     3.07G   0.03166   0.02067         0   0.05234        56       640    0.8233    0.7457    0.8016    0.4095   0.04366   0.01756         0
     73/99     3.07G   0.02969   0.02109         0   0.05078        69       640    0.8251    0.7543    0.8023    0.4161    0.0454   0.01745         0
     74/99     3.07G   0.02928   0.02384         0   0.05312       102       640    0.8043    0.7629     0.795    0.4214    0.0448   0.01753         0
     75/99     3.07G   0.03035   0.02386         0   0.05421        96       640    0.8306    0.6552    0.7353    0.3628   0.04948   0.01859         0
     76/99     3.07G   0.03277   0.02353         0    0.0563       101       640    0.8026    0.7362    0.7872    0.4103   0.04528    0.0181         0
     77/99     3.07G   0.03248   0.02257         0   0.05506        93       640    0.7905    0.7543    0.7887    0.4145   0.04323    0.0181         0
     78/99     3.07G   0.02978   0.02096         0   0.05074        79       640    0.8634     0.681    0.7853    0.4027   0.04303     0.018         0
     79/99     3.07G   0.03025   0.02137         0   0.05162       110       640    0.8267    0.7629    0.8049    0.3974   0.04385   0.01743         0
     80/99     3.07G   0.03252   0.02098         0    0.0535       102       640     0.798      0.75    0.7812    0.4134   0.04501   0.01752         0
     81/99     3.07G    0.0308    0.0212         0     0.052        63       640      0.84     0.724    0.7825    0.4289    0.0448   0.01707         0
     82/99     3.07G   0.02874   0.02245         0   0.05119       112       640    0.8063    0.7715    0.8023     0.438   0.04327   0.01703         0
     83/99     3.07G   0.02956   0.02051         0   0.05006        58       640    0.7584    0.7714    0.7673    0.4318   0.04433   0.01683         0
     84/99     3.07G   0.03018   0.02151         0   0.05169        82       640    0.8448    0.7069    0.7817    0.4059   0.04455   0.01698         0
     85/99     3.07G   0.03037   0.02107         0   0.05143        63       640    0.7718    0.7586    0.7754    0.4122   0.04483   0.01759         0
     86/99     3.07G   0.03002   0.02079         0    0.0508       119       640    0.8018      0.75    0.7833    0.4151   0.04446   0.01741         0
     87/99     3.07G   0.03101   0.02017         0   0.05118        71       640     0.798    0.7328    0.7792    0.4041   0.04549   0.01697         0
     88/99     3.07G   0.03402   0.02147         0   0.05549        93       640    0.8061    0.7543    0.7945    0.4242    0.0434    0.0175         0
     89/99     3.07G    0.0307   0.02349         0   0.05418        93       640    0.8129    0.7198    0.7775    0.4157   0.04432   0.01794         0
     90/99     3.07G   0.03078   0.02206         0   0.05285        80       640    0.7967    0.7112    0.7666       0.4   0.04652   0.01779         0
     91/99     3.07G   0.03178   0.02275         0   0.05453        72       640    0.8163    0.7112    0.7656    0.3765   0.04842   0.01768         0
     92/99     3.07G   0.02957    0.0208         0   0.05037        72       640    0.8557    0.7413    0.8119    0.4356   0.04514   0.01616         0
     93/99     3.07G    0.0306   0.02264         0   0.05324        75       640    0.8421    0.7585    0.8142    0.4306   0.04425    0.0168         0
     94/99     3.07G   0.02915   0.02106         0   0.05022       122       640    0.8145    0.7758    0.8094    0.4229   0.04462   0.01697         0
     95/99     3.07G   0.03109   0.02166         0   0.05275        89       640    0.8261    0.7586    0.8155    0.4313    0.0446   0.01674         0
     96/99     3.07G   0.03179   0.02076         0   0.05255        90       640    0.7743    0.7845    0.8011     0.424   0.04536   0.01672         0
     97/99     3.07G   0.02982   0.02079         0   0.05061        90       640    0.8444    0.7284    0.7948    0.4093   0.04524   0.01722         0
     98/99     3.07G   0.02963   0.02021         0   0.04984        56       640    0.8091    0.7543    0.7882    0.3987   0.04653   0.01696         0
     99/99     3.07G   0.02898   0.02089         0   0.04987        71       640    0.8276    0.7672    0.7997     0.407    0.0453   0.01682         0
