0 0.6838942307692307 0.6478365384615384 0.06009615384615385 0.125
0 0.5769230769230769 0.6514423076923077 0.057692307692307696 0.12980769230769232
0 0.4735576923076923 0.6490384615384616 0.052884615384615384 0.12259615384615384
0 0.4182692307692308 0.6478365384615384 0.06009615384615385 0.125
0 0.36538461538461536 0.6514423076923077 0.052884615384615384 0.13701923076923078
0 0.31009615384615385 0.6490384615384616 0.04807692307692308 0.12740384615384615
0 0.25961538461538464 0.6454326923076923 0.06490384615384616 0.12980769230769232
0 0.20552884615384615 0.6466346153846154 0.052884615384615384 0.12740384615384615
0 0.5264423076923077 0.6526442307692307 0.052884615384615384 0.13221153846153846
0 0.6322115384615384 0.6538461538461539 0.04567307692307692 0.12980769230769232
0 0.7391826923076923 0.6430288461538461 0.04567307692307692 0.1346153846153846
0 0.7884615384615384 0.6454326923076923 0.05048076923076923 0.12980769230769232
0 0.84375 0.6514423076923077 0.0625 0.12980769230769232