0 0.18629807692307693 0.33774038461538464 0.37259615384615385 0.6754807692307693
0 0.3762019230769231 0.28725961538461536 0.37259615384615385 0.5745192307692307
0 0.5516826923076923 0.2764423076923077 0.31490384615384615 0.49038461538461536
0 0.6814903846153846 0.2848557692307692 0.2548076923076923 0.4254807692307692
0 0.8125 0.28725961538461536 0.21634615384615385 0.3581730769230769
0 0.8798076923076923 0.28725961538461536 0.17307692307692307 0.31490384615384615
0 0.9266826923076923 0.28966346153846156 0.14182692307692307 0.28125
0 0.9567307692307693 0.28846153846153844 0.08173076923076923 0.2548076923076923
0 0.26322115384615385 0.0733173076923077 0.1466346153846154 0.1466346153846154
0 0.34615384615384615 0.08173076923076923 0.14903846153846154 0.16346153846153846
0 0.49158653846153844 0.0889423076923077 0.11778846153846154 0.1778846153846154
0 0.5360576923076923 0.09254807692307693 0.10576923076923077 0.17548076923076922
0 0.6766826923076923 0.11899038461538461 0.07932692307692307 0.1466346153846154
0 0.7728365384615384 0.14302884615384615 0.08413461538461539 0.125
0 0.8004807692307693 0.1502403846153846 0.0673076923076923 0.11778846153846154