0 0.7836538461538461 0.7259615384615384 0.35096153846153844 0.5432692307692307
0 0.4423076923076923 0.6334134615384616 0.34375 0.5745192307692307
0 0.1346153846153846 0.5228365384615384 0.2692307692307692 0.5841346153846154
0 0.3786057692307692 0.40024038461538464 0.23317307692307693 0.38221153846153844
0 0.625 0.47716346153846156 0.23076923076923078 0.37259615384615385
0 0.8894230769230769 0.5576923076923077 0.20432692307692307 0.36538461538461536
0 0.2956730769230769 0.3245192307692308 0.21153846153846154 0.33413461538461536
0 0.0829326923076923 0.3004807692307692 0.1658653846153846 0.3317307692307692
0 0.5985576923076923 0.3329326923076923 0.15384615384615385 0.27403846153846156
0 0.7355769230769231 0.33774038461538464 0.15384615384615385 0.25
0 0.8713942307692307 0.3557692307692308 0.17067307692307693 0.24278846153846154