0 0.6814903846153846 0.6514423076923077 0.0625 0.125
0 0.5745192307692307 0.6526442307692307 0.06009615384615385 0.12980769230769232
0 0.47115384615384615 0.6490384615384616 0.055288461538461536 0.12259615384615384
0 0.41586538461538464 0.6466346153846154 0.0625 0.125
0 0.3629807692307692 0.6490384615384616 0.055288461538461536 0.13701923076923078
0 0.3076923076923077 0.6454326923076923 0.05048076923076923 0.12740384615384615
0 0.25721153846153844 0.640625 0.0673076923076923 0.12980769230769232
0 0.203125 0.6418269230769231 0.055288461538461536 0.12740384615384615
0 0.5240384615384616 0.6526442307692307 0.055288461538461536 0.13221153846153846
0 0.6298076923076923 0.65625 0.04807692307692308 0.12980769230769232
0 0.7367788461538461 0.6466346153846154 0.04807692307692308 0.1346153846153846
0 0.7860576923076923 0.6502403846153846 0.052884615384615384 0.12980769230769232
0 0.8413461538461539 0.6574519230769231 0.06490384615384616 0.12980769230769232