0 0.6646634615384616 0.6694711538461539 0.07451923076923077 0.13221153846153846
0 0.5576923076923077 0.6598557692307693 0.07211538461538461 0.13701923076923078
0 0.45552884615384615 0.6442307692307693 0.0673076923076923 0.12740384615384615
0 0.4014423076923077 0.6370192307692307 0.07451923076923077 0.13221153846153846
0 0.3473557692307692 0.6334134615384616 0.06971153846153846 0.14182692307692307
0 0.2932692307692308 0.625 0.0625 0.13221153846153846
0 0.2439903846153846 0.6153846153846154 0.07932692307692307 0.13701923076923078
0 0.18990384615384615 0.609375 0.0673076923076923 0.13221153846153846
0 0.5072115384615384 0.6550480769230769 0.06971153846153846 0.13701923076923078
0 0.6129807692307693 0.6682692307692307 0.06009615384615385 0.1346153846153846
0 0.7199519230769231 0.6706730769230769 0.0625 0.13942307692307693
0 0.7680288461538461 0.6790865384615384 0.06490384615384616 0.1346153846153846
0 0.8233173076923077 0.6923076923076923 0.07692307692307693 0.13701923076923078