0 0.24158653846153846 0.6502403846153846 0.3173076923076923 0.4951923076923077
0 0.3425480769230769 0.49038461538461536 0.20673076923076922 0.37259615384615385
0 0.42427884615384615 0.3954326923076923 0.1658653846153846 0.3125
0 0.38221153846153844 0.07932692307692307 0.08173076923076923 0.14423076923076922
0 0.265625 0.06129807692307692 0.10336538461538461 0.12259615384615384
0 0.4831730769230769 0.12139423076923077 0.0889423076923077 0.14423076923076922
0 0.9663461538461539 0.2620192307692308 0.0625 0.16826923076923078
0 0.9399038461538461 0.2439903846153846 0.08653846153846154 0.14182692307692307
0 0.8954326923076923 0.22716346153846154 0.08653846153846154 0.14903846153846154
0 0.8473557692307693 0.20432692307692307 0.08413461538461539 0.14182692307692307
0 0.7896634615384616 0.18389423076923078 0.07211538461538461 0.1346153846153846
0 0.7355769230769231 0.17427884615384615 0.08413461538461539 0.14903846153846154
0 0.7007211538461539 0.17668269230769232 0.07451923076923077 0.15144230769230768
0 0.47475961538461536 0.33052884615384615 0.13221153846153846 0.27163461538461536