0 0.5673076923076923 0.7716346153846154 0.375 0.4519230769230769
0 0.6141826923076923 0.6081730769230769 0.25240384615384615 0.3629807692307692
0 0.6286057692307693 0.484375 0.20432692307692307 0.30288461538461536
0 0.8882211538461539 0.29927884615384615 0.0985576923076923 0.14182692307692307
0 0.9663461538461539 0.359375 0.0625 0.15625
0 0.7884615384615384 0.2548076923076923 0.10576923076923077 0.14423076923076922
0 0.3425480769230769 0.03125 0.12740384615384615 0.0625
0 0.3870192307692308 0.037259615384615384 0.10576923076923077 0.07451923076923077
0 0.43028846153846156 0.04927884615384615 0.10576923076923077 0.0985576923076923
0 0.4795673076923077 0.057692307692307696 0.10336538461538461 0.11538461538461539
0 0.5336538461538461 0.0733173076923077 0.0889423076923077 0.13221153846153846
0 0.578125 0.10576923076923077 0.10096153846153846 0.14423076923076922
0 0.2932692307692308 0.019230769230769232 0.125 0.038461538461538464
0 0.5997596153846154 0.13221153846153846 0.09375 0.1466346153846154
0 0.640625 0.40384615384615385 0.16826923076923078 0.2620192307692308