      0/99     3.06G   0.03368   0.02505         0   0.05873        82       640    0.8204    0.7284    0.7867    0.4071   0.04451   0.01693         0
      1/99     3.06G   0.03228   0.02451         0   0.05679        84       640    0.8293    0.7328    0.7933    0.4079   0.04457   0.01675         0
      2/99     3.06G   0.03462   0.02346         0   0.05808        67       640    0.8265    0.7414    0.7966    0.4077   0.04484   0.01663         0
      3/99     3.06G   0.03292   0.02269         0   0.05561        66       640     0.832      0.75    0.7946    0.4083   0.04431   0.01673         0
      4/99     3.06G   0.03247   0.02466         0   0.05714       114       640    0.8093      0.75    0.7883    0.4127   0.04399    0.0169         0
      5/99     3.06G   0.03339   0.02231         0   0.05571       105       640    0.8212    0.7325     0.792     0.412   0.04425   0.01684         0
      6/99     3.06G   0.03353   0.02446         0   0.05799        71       640    0.8056    0.7328    0.7871    0.4052   0.04468   0.01679         0
      7/99     3.06G   0.03279   0.02449         0   0.05728       123       640    0.8284    0.7284    0.7852    0.4084   0.04422   0.01658         0
      8/99     3.06G   0.03383   0.02605         0   0.05988        93       640    0.8198    0.7457    0.7929    0.4246   0.04373   0.01642         0
      9/99     3.06G   0.03244   0.02449         0   0.05693       100       640    0.8284      0.75     0.794     0.416   0.04436   0.01677         0
     10/99     3.06G   0.03369   0.02436         0   0.05806        83       640    0.8172    0.7324    0.7859    0.4138   0.04432   0.01643         0
     11/99     3.06G   0.03388   0.02392         0   0.05781        78       640     0.819     0.741    0.7892     0.411   0.04388   0.01695         0
     12/99     3.06G   0.03279   0.02622         0   0.05901        97       640    0.8194    0.7241    0.7846    0.4214   0.04383   0.01666         0
     13/99     3.06G   0.03272   0.02602         0   0.05874        97       640     0.819     0.741    0.7921    0.4209   0.04397   0.01665         0
     14/99     3.06G   0.03146    0.0237         0   0.05516        92       640    0.8173    0.7328    0.7752    0.4008   0.04503   0.01661         0
     15/99     3.06G   0.03439   0.02469         0   0.05908        84       640      0.75    0.7498    0.7591    0.4086     0.045   0.01668         0
     16/99     3.06G   0.03481   0.02249         0    0.0573        88       640    0.8232    0.7241    0.7744    0.4135    0.0451   0.01678         0
     17/99     3.06G   0.03316   0.02395         0   0.05712       111       640    0.8046    0.7414    0.7827    0.4212   0.04465   0.01637         0
     18/99     3.07G   0.03334   0.02306         0    0.0564        72       640    0.8532    0.7026    0.7817     0.423   0.04498   0.01654         0
     19/99     3.07G   0.03289   0.02213         0   0.05502        70       640    0.8181    0.7369    0.7943    0.4266   0.04365   0.01651         0
     20/99     3.07G   0.03311   0.02412         0   0.05723        83       640     0.822    0.7371    0.7906    0.4252   0.04427   0.01683         0
     21/99     3.07G   0.03213   0.02311         0   0.05524        78       640    0.8186    0.7585    0.8029    0.4323   0.04359   0.01634         0
     22/99     3.07G   0.03253    0.0223         0   0.05483        59       640    0.8089      0.75    0.7969    0.4146   0.04513   0.01705         0
     23/99     3.07G    0.0333   0.02445         0   0.05775        59       640    0.7925    0.7414    0.7889    0.4231   0.04572   0.01655         0
     24/99     3.07G    0.0344   0.02489         0   0.05929        82       640    0.8009    0.7629    0.7926    0.4043   0.04502   0.01685         0
     25/99     3.07G   0.03408   0.02798         0   0.06206       109       640    0.8074     0.741    0.7802    0.4049   0.04467   0.01704         0
     26/99     3.07G   0.03322   0.02345         0   0.05667        87       640    0.7907    0.7489    0.7873    0.4178   0.04503   0.01688         0
     27/99     3.07G   0.03177   0.02226         0   0.05403        93       640    0.8217    0.7586    0.8046    0.4291   0.04431   0.01658         0
     28/99     3.07G   0.03285   0.02418         0   0.05703        97       640    0.8357    0.7457    0.8062    0.4171   0.04452   0.01635         0
     29/99     3.07G   0.03283   0.02422         0   0.05705        82       640    0.7859    0.7457    0.7842    0.4035   0.04467   0.01681         0
     30/99     3.07G   0.03246   0.02232         0   0.05478        67       640    0.8009    0.7456    0.7899    0.4088   0.04355   0.01713         0
     31/99     3.07G   0.03439   0.02544         0   0.05984        86       640     0.816    0.7456    0.7939    0.4247   0.04375   0.01663         0
     32/99     3.07G   0.03384     0.023         0   0.05684        54       640    0.8027    0.7543    0.8069    0.4158   0.04416   0.01675         0
     33/99     3.07G    0.0325   0.02293         0   0.05543        90       640    0.7916    0.7534    0.7824    0.3953    0.0448   0.01704         0
     34/99     3.07G   0.03264   0.02425         0   0.05689        88       640    0.7466    0.7241    0.7575    0.4116   0.04447   0.01698         0
     35/99     3.07G   0.03146   0.02431         0   0.05577        85       640    0.8274    0.7112    0.7917    0.4152   0.04428   0.01681         0
     36/99     3.07G   0.03567   0.02476         0   0.06043        83       640    0.8141    0.7026    0.7759    0.4044   0.04616   0.01698         0
     37/99     3.07G   0.03308   0.02109         0   0.05416        65       640     0.787    0.7328    0.7731    0.4094   0.04453   0.01704         0
     38/99     3.07G   0.03304   0.02329         0   0.05633        73       640     0.793    0.7457    0.7876    0.4137   0.04519   0.01658         0
     39/99     3.07G   0.03237   0.02378         0   0.05615        79       640      0.78    0.7543    0.8062    0.4171   0.04512   0.01672         0
     40/99     3.07G   0.03139   0.02223         0   0.05362        72       640    0.8055    0.7328    0.7847    0.4103    0.0432   0.01692         0
     41/99     3.07G   0.03299   0.02285         0   0.05584        77       640    0.7832    0.7629    0.7897    0.4233   0.04335    0.0166         0
     42/99     3.07G   0.03426    0.0254         0   0.05966        97       640     0.832      0.75    0.7957     0.401   0.04517   0.01666         0
     43/99     3.07G   0.03233   0.02375         0   0.05608        67       640    0.8262    0.7579    0.8055    0.4058   0.04478   0.01701         0
     44/99     3.07G   0.03278    0.0232         0   0.05598       101       640    0.8258    0.7154    0.7831    0.3963   0.04635   0.01661         0
     45/99     3.07G   0.03435   0.02231         0   0.05666        90       640    0.7934    0.7283    0.7674    0.4041    0.0436   0.01692         0
     46/99     3.07G   0.03507   0.02472         0   0.05979        84       640    0.7963    0.7759    0.8034    0.3976   0.04553   0.01664         0
     47/99     3.07G   0.03508   0.02468         0   0.05976        41       640    0.7937    0.7629    0.7819    0.3799   0.04646   0.01674         0
     48/99     3.07G   0.03509   0.02635         0   0.06144       121       640    0.8173    0.7327    0.8066    0.4034   0.04458   0.01645         0
     49/99     3.07G   0.03509   0.02472         0    0.0598        95       640    0.8324      0.75     0.803    0.4093   0.04386   0.01661         0
     50/99     3.07G   0.03619   0.02283         0   0.05902        49       640     0.811    0.7584    0.7972    0.4205   0.04483   0.01659         0
     51/99     3.07G   0.03556   0.02333         0   0.05889       112       640    0.8397    0.7453    0.7961    0.4222   0.04433   0.01615         0
     52/99     3.07G   0.03476   0.02465         0   0.05942        95       640    0.8374    0.7327     0.783    0.3875   0.04659   0.01617         0
     53/99     3.07G    0.0341   0.02324         0   0.05734        74       640    0.8137     0.659    0.7299    0.3721   0.04658   0.01754         0
     54/99     3.07G   0.03383   0.02581         0   0.05963       117       640    0.7917    0.7586    0.7976    0.4119   0.04331   0.01685         0
     55/99     3.07G   0.03386   0.02389         0   0.05774       105       640     0.835    0.7198    0.7891    0.3917    0.0431    0.0171         0
     56/99     3.07G   0.03619   0.02614         0   0.06233        72       640    0.8025    0.7371    0.7965    0.4088    0.0442   0.01695         0
     57/99     3.07G   0.03525   0.02468         0   0.05992       112       640    0.8368    0.7759     0.804    0.4118   0.04593   0.01645         0
     58/99     3.07G   0.03393   0.02183         0   0.05576        93       640    0.7954    0.7716       0.8    0.3739    0.0469   0.01776         0
     59/99     3.07G   0.03627   0.02582         0   0.06209        62       640     0.782    0.7885    0.8024     0.406   0.04537   0.01679         0
     60/99     3.07G   0.03295   0.02221         0   0.05516        71       640    0.7879    0.7069    0.7416    0.3997   0.04488   0.01692         0
     61/99     3.07G    0.0334    0.0251         0    0.0585        90       640    0.7688    0.7453    0.7543    0.3843   0.04576   0.01693         0
     62/99     3.07G   0.03291   0.02352         0   0.05644        82       640    0.8238    0.7457    0.7909       0.4   0.04621    0.0172         0
     63/99     3.07G   0.03283   0.02184         0   0.05467        82       640    0.8308    0.7845    0.8116    0.4192   0.04467   0.01642         0
     64/99     3.07G   0.03367   0.02213         0   0.05579        71       640    0.8453    0.7066    0.7922    0.4132     0.045   0.01663         0
     65/99     3.07G   0.03359   0.02499         0   0.05859        70       640    0.8543    0.6853    0.7871    0.4135   0.04422    0.0163         0
     66/99     3.07G   0.03337   0.02303         0    0.0564        82       640    0.8229    0.7414     0.793    0.4124   0.04457   0.01609         0
     67/99     3.07G   0.03398   0.02248         0   0.05646        49       640    0.8535    0.7069    0.7906    0.3955   0.04551   0.01671         0
     68/99     3.07G   0.03315   0.02273         0   0.05588        81       640    0.8258     0.715    0.7743    0.4072   0.04414   0.01673         0
     69/99     3.07G   0.03194   0.02254         0   0.05448       102       640    0.7915    0.8016    0.8072    0.4238   0.04416   0.01647         0
     70/99     3.07G   0.03233   0.02295         0   0.05528        76       640    0.8162    0.7328    0.7823    0.4113   0.04446   0.01709         0
     71/99     3.07G   0.03067   0.02274         0   0.05341       111       640    0.8358     0.724    0.7812    0.3944   0.04449   0.01721         0
     72/99     3.07G   0.03443   0.02254         0   0.05697        56       640    0.8281    0.7284    0.7998    0.3992   0.04336   0.01717         0
     73/99     3.07G   0.03276   0.02319         0   0.05594        69       640    0.8142    0.7371    0.7891    0.3953   0.04498   0.01739         0
     74/99     3.07G   0.03178   0.02583         0   0.05761       102       640     0.782    0.7284     0.776    0.3962   0.04403   0.01774         0
     75/99     3.07G    0.0332   0.02554         0   0.05874        96       640    0.7742    0.7241    0.7692    0.3904   0.04561   0.01819         0
     76/99     3.07G   0.03577   0.02529         0   0.06105       101       640    0.8235    0.7241    0.7887    0.3949   0.04448   0.01799         0
     77/99     3.07G   0.03489   0.02414         0   0.05904        93       640    0.7521    0.7714    0.7816    0.4113   0.04403   0.01745         0
     78/99     3.07G   0.03228   0.02267         0   0.05495        79       640    0.8652    0.7196    0.7983    0.4045   0.04343   0.01715         0
     79/99     3.07G   0.03021   0.02284         0   0.05305       110       640    0.8316    0.7237    0.7987    0.4187   0.04403   0.01703         0
     80/99     3.07G   0.03135   0.02235         0   0.05371       102       640    0.8324    0.7371    0.7979    0.4121   0.04482   0.01697         0
     81/99     3.07G   0.03282     0.023         0   0.05582        63       640    0.8259    0.7586    0.7944    0.4347   0.04344   0.01665         0
     82/99     3.07G   0.03265   0.02467         0   0.05733       112       640    0.8081    0.7629    0.8009    0.4197    0.0422   0.01647         0
     83/99     3.07G   0.03198   0.02243         0   0.05442        58       640    0.7705    0.7543    0.7714    0.4128   0.04419    0.0164         0
     84/99     3.07G   0.03164   0.02301         0   0.05466        82       640    0.7511    0.7413    0.7595    0.3945   0.04602   0.01679         0
     85/99     3.07G   0.03243   0.02298         0   0.05541        63       640    0.8015      0.75    0.7724    0.3931   0.04574   0.01701         0
     86/99     3.07G   0.03261   0.02276         0   0.05537       119       640    0.8154    0.7328    0.7854    0.4126   0.04375   0.01663         0
     87/99     3.07G   0.03207   0.02172         0   0.05379        71       640    0.7613    0.7835    0.7884    0.4312   0.04368   0.01636         0
     88/99     3.07G    0.0338   0.02253         0   0.05633        93       640    0.8556    0.7154     0.796    0.4476    0.0428   0.01679         0
     89/99     3.07G   0.03307   0.02539         0   0.05845        93       640    0.7812    0.7542    0.7845    0.4285   0.04297   0.01678         0
     90/99     3.07G   0.03286   0.02371         0   0.05657        80       640    0.7953    0.7369     0.785    0.4106   0.04484    0.0169         0
     91/99     3.07G   0.03336   0.02411         0   0.05747        72       640    0.7772    0.7543    0.7885    0.4212   0.04542   0.01652         0
     92/99     3.07G   0.03127   0.02205         0   0.05332        72       640    0.8316    0.7239    0.8021    0.4363   0.04412    0.0159         0
     93/99     3.07G   0.03231   0.02393         0   0.05624        75       640    0.8194    0.7237    0.7901    0.4133   0.04476   0.01664         0
     94/99     3.07G   0.03158   0.02266         0   0.05424       122       640    0.8472    0.7411    0.8061    0.4237   0.04507   0.01662         0
     95/99     3.07G   0.03304   0.02293         0   0.05597        89       640    0.8202    0.7667    0.8078    0.4197   0.04501   0.01638         0
     96/99     3.07G   0.03356   0.02194         0    0.0555        90       640    0.8349    0.7629    0.8036    0.4247   0.04474   0.01647         0
     97/99     3.07G   0.03142   0.02172         0   0.05314        90       640    0.8118    0.7622     0.798    0.4044   0.04474   0.01676         0
     98/99     3.07G   0.03112   0.02118         0    0.0523        56       640    0.8246    0.7701    0.8025    0.4046   0.04585   0.01611         0
     99/99     3.07G    0.0302   0.02169         0   0.05189        71       640    0.7932    0.7974    0.8098    0.4035   0.04517   0.01602         0
