0 0.15985576923076922 0.6598557692307693 0.20432692307692307 0.5504807692307693
0 0.5192307692307693 0.6442307692307693 0.20192307692307693 0.5408653846153846
0 0.8894230769230769 0.6346153846153846 0.21634615384615385 0.5432692307692307
0 0.6442307692307693 0.4375 0.13942307692307693 0.3581730769230769
0 0.3858173076923077 0.44350961538461536 0.14182692307692307 0.34615384615384615
0 0.109375 0.4483173076923077 0.11298076923076923 0.3485576923076923
0 0.7451923076923077 0.38822115384615385 0.13221153846153846 0.31009615384615385
0 0.9579326923076923 0.421875 0.08173076923076923 0.31971153846153844
0 0.45072115384615385 0.3125 0.08653846153846154 0.25961538461538464
0 0.31850961538461536 0.27884615384615385 0.09375 0.23317307692307693
0 0.18269230769230768 0.25841346153846156 0.11298076923076923 0.22115384615384615