1 0.19471153846153846 0.6322115384615384 0.1971153846153846 0.51802884615384
1 0.3713942307692308 0.5360576923076923 0.15985576923076922 0.431490384615384
1 0.6923076923076923 0.6069711538461539 0.1935096153846154 0.283653846153846
1 0.9086538461538461 0.2091346153846154 0.06490384615384616 0.16225961538461
1 0.1346153846153846 0.09735576923076923 0.055288461538461536 0.129807692307692
1 0.3161057692307692 0.08413461538461539 0.04567307692307692 0.103365384615384
1 0.453125 0.07451923076923077 0.039663461538461536 0.08894230769230
1 0.5552884615384616 0.06610576923076923 0.030048076923076924 0.079326923076923
1 0.6298076923076923 0.0625 0.030048076923076924 0.076923076923076
1 0.7115384615384616 0.057692307692307696 0.021634615384615384 0.0564903846153846
