1 0.6959134615384616 0.7259615384615384 0.17668269230769232 0.460336538461538
1 0.6514423076923077 0.5420673076923077 0.09375 0.3593
1 0.6057692307692307 0.4254807692307692 0.07091346153846154 0.305288461538461
1 0.7487980769230769 0.140625 0.039663461538461536 0.139423076923076
1 0.8701923076923077 0.14423076923076922 0.056490384615384616 0.145432692307692
1 0.6394230769230769 0.14783653846153846 0.046875 0.137019230769230
1 0.11538461538461539 0.11538461538461539 0.05889423076923077 0.153846153846153
1 0.16706730769230768 0.1141826923076923 0.04567307692307692 0.133413461538461
1 0.21514423076923078 0.11298076923076923 0.039663461538461536 0.143028846153846
1 0.26802884615384615 0.10697115384615384 0.039663461538461536 0.137019230769230
1 0.3293269230769231 0.10697115384615384 0.03125 0.13100961538461
1 0.38341346153846156 0.11538461538461539 0.037259615384615384 0.143028846153846
1 0.06129807692307692 0.11778846153846154 0.05889423076923077 0.145432692307692
1 0.41586538461538464 0.12860576923076922 0.027644230769230768 0.151442307692307
1 0.5793269230769231 0.3485576923076923 0.04567307692307692 0.27043269230769
