      0/99     2.94G   0.03207    0.0243         0   0.05637        82       640    0.8948    0.6983    0.8045    0.4456   0.04267   0.01667         0
      1/99      2.9G   0.03109   0.02371         0    0.0548        84       640    0.7981      0.75    0.8028    0.4488   0.04331   0.01645         0
      2/99      2.9G   0.03305   0.02244         0   0.05549        67       640    0.7759    0.7759    0.7993    0.4423   0.04383   0.01633         0
      3/99      2.9G   0.03118   0.02163         0   0.05282        66       640    0.7801    0.7798    0.7962    0.4375   0.04331   0.01644         0
      4/99      2.9G   0.03052   0.02342         0   0.05394       114       640    0.7689    0.7759    0.7906    0.4361   0.04326   0.01648         0
      5/99      2.9G   0.03173   0.02118         0   0.05291       105       640    0.7859    0.7759     0.798    0.4447   0.04374   0.01651         0
      6/99      2.9G    0.0318   0.02339         0   0.05518        71       640    0.7604    0.7672    0.7803    0.4233   0.04431   0.01664         0
      7/99      2.9G   0.03074   0.02314         0   0.05388       123       640    0.7634    0.7929    0.7945    0.4342   0.04379   0.01645         0
      8/99      2.9G   0.03177   0.02476         0   0.05652        93       640    0.7881    0.8014    0.8095    0.4409   0.04332   0.01635         0
      9/99      2.9G   0.03057   0.02316         0   0.05374       100       640    0.7791    0.7629    0.7922    0.4266   0.04362   0.01661         0
     10/99      2.9G   0.03157   0.02317         0   0.05475        83       640    0.7894    0.7802    0.7851    0.4316   0.04378   0.01633         0
     11/99      2.9G   0.03254   0.02259         0   0.05513        78       640    0.8024    0.7371    0.7842    0.4254   0.04475   0.01674         0
     12/99      2.9G   0.03077   0.02475         0   0.05552        97       640    0.7838      0.75    0.7851    0.4382   0.04435    0.0167         0
     13/99      2.9G   0.03074   0.02452         0   0.05526        97       640    0.8027    0.7543    0.8001    0.4335     0.044   0.01672         0
     14/99      2.9G   0.02951    0.0224         0   0.05191        92       640    0.7944    0.7327    0.7774    0.4233   0.04513   0.01677         0
     15/99      2.9G   0.03217    0.0232         0   0.05537        84       640    0.8078    0.7067    0.7735    0.4307   0.04496   0.01664         0
     16/99      2.9G   0.03246   0.02112         0   0.05358        88       640    0.7883    0.7542    0.7882     0.437   0.04506   0.01681         0
     17/99      2.9G   0.03119   0.02232         0   0.05351       111       640    0.7835    0.7802    0.7994    0.4304   0.04473   0.01667         0
     18/99      2.9G    0.0311   0.02159         0   0.05269        72       640     0.814    0.7371     0.799    0.4245   0.04462   0.01662         0
     19/99      2.9G   0.03088   0.02091         0   0.05179        70       640     0.848    0.7455    0.8114     0.442   0.04388    0.0163         0
     20/99      2.9G   0.03098    0.0226         0   0.05358        83       640    0.7946    0.7845    0.8022    0.4316   0.04477   0.01679         0
     21/99      2.9G   0.02963   0.02163         0   0.05126        78       640    0.7879    0.7843    0.8083    0.4484   0.04326   0.01645         0
     22/99      2.9G   0.02985   0.02092         0   0.05077        59       640    0.8389    0.7407     0.788    0.4187   0.04552   0.01757         0
     23/99      2.9G   0.03108   0.02287         0   0.05396        59       640    0.7891    0.7931    0.7956    0.4339     0.045   0.01652         0
     24/99      2.9G   0.03172   0.02305         0   0.05478        82       640    0.8133    0.7716     0.797    0.4091   0.04548   0.01706         0
     25/99      2.9G   0.03184   0.02622         0   0.05806       109       640    0.8099    0.7712    0.7983    0.4138   0.04485   0.01744         0
     26/99      2.9G    0.0306   0.02186         0   0.05246        87       640    0.7779    0.7112    0.7642    0.4149   0.04588   0.01764         0
     27/99      2.9G   0.02932   0.02066         0   0.04997        93       640    0.7981      0.75    0.7945    0.4445   0.04423   0.01714         0
     28/99      2.9G   0.03064   0.02267         0   0.05331        97       640    0.7752    0.7586    0.7983    0.4159   0.04452   0.01706         0
     29/99      2.9G   0.03064   0.02238         0   0.05303        82       640    0.8611    0.6679    0.7743    0.4116   0.04431   0.01713         0
     30/99      2.9G   0.02991   0.02066         0   0.05056        67       640    0.7739    0.7241    0.7726     0.409   0.04487   0.01738         0
     31/99      2.9G     0.032   0.02357         0   0.05557        86       640    0.8245    0.7495    0.8103    0.4334   0.04363   0.01712         0
     32/99      2.9G   0.03123    0.0212         0   0.05243        54       640    0.8603    0.7198    0.8083    0.4284   0.04353   0.01724         0
     33/99      2.9G   0.02983   0.02107         0    0.0509        90       640    0.7468    0.7757    0.7792     0.406   0.04487   0.01777         0
     34/99      2.9G   0.03014   0.02229         0   0.05244        88       640    0.8008    0.7279    0.7885    0.4244    0.0448   0.01672         0
     35/99      2.9G   0.02891   0.02267         0   0.05158        85       640    0.7999    0.7235    0.7922    0.4114   0.04437   0.01747         0
     36/99      2.9G   0.03325   0.02306         0   0.05631        83       640    0.8325    0.7112    0.7664    0.3973   0.04703   0.01783         0
     37/99      2.9G   0.03026   0.01947         0   0.04973        65       640    0.8374    0.7328    0.8063    0.4271   0.04393   0.01725         0
     38/99      2.9G   0.03049   0.02145         0   0.05193        73       640    0.8148    0.7584    0.8021    0.4197   0.04368   0.01699         0
     39/99      2.9G   0.02995   0.02179         0   0.05175        79       640     0.831    0.7629    0.8181    0.4296   0.04461   0.01672         0
     40/99      2.9G   0.02876   0.02036         0   0.04912        72       640    0.8084    0.7457    0.7811    0.4053   0.04407   0.01719         0
     41/99      2.9G   0.03039    0.0212         0   0.05159        77       640    0.8308    0.7629    0.8138     0.433   0.04304   0.01669         0
     42/99      2.9G   0.03167   0.02336         0   0.05504        97       640    0.8359    0.7284    0.7717    0.3886   0.04682   0.01719         0
     43/99      2.9G   0.02994   0.02236         0    0.0523        67       640    0.8528    0.7026    0.7787    0.4101    0.0464   0.01789         0
     44/99      2.9G   0.02996    0.0213         0   0.05126       101       640    0.8055    0.7495    0.7748    0.3974   0.04568   0.01742         0
     45/99      2.9G    0.0315   0.02061         0   0.05211        90       640    0.8813    0.7069    0.8081    0.4342   0.04294   0.01703         0
     46/99      2.9G   0.03241   0.02288         0   0.05529        84       640    0.8278    0.7672    0.7999    0.3908   0.04702   0.01722         0
     47/99      2.9G    0.0342   0.02318         0   0.05739        41       640    0.8388    0.7457    0.7826    0.3876   0.04535   0.01758         0
     48/99      2.9G   0.03258   0.02447         0   0.05705       121       640    0.7957    0.7284    0.7814    0.4086   0.04551   0.01722         0
     49/99      2.9G   0.03241   0.02281         0   0.05522        95       640    0.8341     0.737    0.7882    0.4027   0.04548   0.01747         0
     50/99      2.9G   0.03458    0.0214         0   0.05598        49       640     0.819    0.7629    0.7951    0.4054   0.04581   0.01751         0
     51/99      2.9G   0.03251   0.02157         0   0.05408       112       640    0.8634    0.7198    0.7878    0.4009   0.04505   0.01742         0
     52/99      2.9G   0.03264   0.02282         0   0.05546        95       640    0.8325      0.75    0.7739    0.3839   0.04645   0.01688         0
     53/99      2.9G   0.03195   0.02163         0   0.05358        74       640     0.775    0.6978    0.7418    0.3933   0.04623   0.01764         0
     54/99      2.9G   0.03167   0.02389         0   0.05556       117       640    0.8018    0.7498    0.7905    0.4027    0.0423   0.01726         0
     55/99      2.9G   0.03093   0.02196         0    0.0529       105       640    0.8515    0.7413    0.7878    0.4123    0.0417   0.01725         0
     56/99      2.9G   0.03439   0.02443         0   0.05882        72       640    0.8273    0.7022    0.7705    0.3819   0.04654   0.01784         0
     57/99      2.9G    0.0341   0.02316         0   0.05726       112       640    0.8107    0.7754    0.8077    0.4232   0.04513    0.0168         0
     58/99      2.9G   0.03137   0.02006         0   0.05143        93       640    0.8257    0.7155    0.7685    0.3544   0.04743   0.01821         0
     59/99      2.9G   0.03425   0.02426         0   0.05851        62       640    0.8246    0.7498    0.7963    0.3842   0.04656   0.01742         0
     60/99      2.9G   0.03144   0.02076         0    0.0522        71       640    0.7681    0.7283    0.7576    0.3972   0.04534   0.01756         0
     61/99      2.9G   0.03101   0.02308         0    0.0541        90       640    0.8445    0.7026    0.7646    0.3755   0.04611   0.01758         0
     62/99      2.9G   0.03086   0.02198         0   0.05284        82       640    0.8089    0.7844    0.8023    0.4131   0.04582   0.01782         0
     63/99      2.9G    0.0312   0.02037         0   0.05157        82       640    0.8398    0.7455     0.784    0.4091   0.04563   0.01755         0
     64/99      2.9G   0.03107   0.02046         0   0.05153        71       640    0.8004    0.7457    0.7775    0.3976   0.04674   0.01746         0
     65/99      2.9G   0.03176   0.02333         0   0.05509        70       640    0.8376    0.7112    0.7659    0.4033   0.04508   0.01702         0
     66/99      2.9G   0.03132   0.02135         0   0.05267        82       640    0.8202    0.7112     0.767    0.4118   0.04714   0.01684         0
     67/99      2.9G   0.03085    0.0208         0   0.05165        49       640    0.7559      0.75    0.7578    0.3647   0.04846   0.01777         0
     68/99      2.9G   0.03026   0.02114         0   0.05141        81       640       0.8    0.7586    0.7645    0.3949   0.04603   0.01693         0
     69/99      2.9G   0.02979   0.02084         0   0.05063       102       640    0.7741    0.8272    0.8082    0.4327    0.0437   0.01658         0
     70/99      2.9G   0.02996   0.02104         0     0.051        76       640    0.7988    0.7371    0.7726    0.4064   0.04391   0.01739         0
     71/99      2.9G    0.0285   0.02125         0   0.04975       111       640    0.8344     0.681    0.7465    0.3801   0.04476   0.01752         0
     72/99      2.9G   0.03224   0.02081         0   0.05306        56       640    0.8269    0.7412    0.8011    0.4126   0.04366   0.01769         0
     73/99      2.9G   0.03004   0.02137         0   0.05141        69       640    0.7718    0.8017    0.8023    0.4225   0.04541   0.01708         0
     74/99      2.9G   0.02976   0.02401         0   0.05378       102       640     0.801      0.75     0.785    0.4176   0.04475    0.0176         0
     75/99      2.9G   0.03109   0.02411         0    0.0552        96       640    0.8049    0.6767    0.7372     0.359   0.04917   0.01853         0
     76/99      2.9G    0.0333   0.02359         0   0.05689       101       640    0.8115    0.7237    0.7834    0.3937   0.04569   0.01823         0
     77/99      2.9G   0.03285   0.02261         0   0.05547        93       640    0.7851    0.7586    0.7846    0.4095   0.04378   0.01808         0
     78/99      2.9G   0.03009   0.02109         0   0.05118        79       640    0.8172    0.7322    0.7958     0.412   0.04295   0.01791         0
     79/99      2.9G   0.02994   0.02152         0   0.05147       110       640    0.8358     0.724    0.7952    0.4145   0.04323   0.01735         0
     80/99      2.9G    0.0322   0.02115         0   0.05335       102       640    0.8578    0.7022    0.7758    0.4155   0.04453    0.0173         0
     81/99      2.9G   0.03134   0.02134         0   0.05268        63       640    0.8045    0.7672    0.7919    0.4315   0.04402    0.0172         0
     82/99      2.9G   0.02929   0.02276         0   0.05205       112       640    0.8173    0.7712     0.804    0.4367   0.04321   0.01715         0
     83/99      2.9G   0.03072   0.02102         0   0.05173        58       640    0.8359    0.7025    0.7672    0.4194    0.0444    0.0171         0
     84/99      2.9G   0.03129   0.02201         0   0.05331        82       640    0.7831    0.7627    0.7896    0.4015   0.04499   0.01708         0
     85/99      2.9G   0.03145   0.02179         0   0.05324        63       640    0.8278    0.7667    0.7874    0.3994   0.04538   0.01731         0
     86/99      2.9G   0.03044   0.02165         0   0.05209       119       640    0.8622    0.7069    0.7895    0.4073   0.04443   0.01717         0
     87/99      2.9G    0.0317   0.02069         0   0.05239        71       640    0.7796    0.7929    0.7911    0.4153   0.04391   0.01678         0
     88/99      2.9G   0.03463   0.02206         0   0.05669        93       640    0.7847    0.7539    0.7907    0.4232    0.0428   0.01719         0
     89/99      2.9G   0.03239   0.02463         0   0.05702        93       640    0.8201    0.6897    0.7534     0.396   0.04382   0.01812         0
     90/99      2.9G   0.03242   0.02325         0   0.05566        80       640    0.7675    0.7543    0.7634    0.3955   0.04543   0.01746         0
     91/99      2.9G   0.03274   0.02362         0   0.05635        72       640    0.7971    0.7281     0.774    0.4037   0.04674   0.01705         0
     92/99      2.9G   0.03092    0.0216         0   0.05252        72       640    0.8316    0.7457    0.8008    0.4402   0.04446   0.01599         0
     93/99      2.9G   0.03181   0.02359         0    0.0554        75       640    0.8465    0.7368    0.7957    0.4205   0.04469   0.01658         0
     94/99      2.9G   0.03083   0.02198         0   0.05281       122       640    0.7878    0.7845    0.8048    0.4307   0.04439   0.01683         0
     95/99      2.9G   0.03212   0.02238         0    0.0545        89       640    0.8616    0.7284    0.8012    0.4321   0.04403   0.01661         0
     96/99      2.9G   0.03238    0.0215         0   0.05388        90       640    0.8728    0.7112    0.7896    0.4256   0.04514   0.01656         0
     97/99      2.9G   0.03049   0.02123         0   0.05172        90       640    0.7891    0.7578    0.7801    0.4044   0.04493   0.01727         0
     98/99      2.9G    0.0305    0.0206         0    0.0511        56       640    0.8225    0.7414    0.7818    0.3985    0.0455   0.01677         0
     99/99      2.9G   0.02945   0.02114         0   0.05059        71       640    0.8359    0.7284     0.781    0.4068   0.04464   0.01694         0
