1 0.052885 0.241587 0.086538 0.213942
1 0.070913 0.123798 0.060096 0.137019
1 0.152644 0.128606 0.050481 0.141827
1 0.240385 0.139423 0.052885 0.144231
1 0.316106 0.143029 0.069712 0.141827
1 0.385817 0.140625 0.055288 0.141827
1 0.468750 0.143029 0.067308 0.141827
1 0.560096 0.149038 0.076923 0.139423
1 0.647837 0.151442 0.064904 0.129808
1 0.748798 0.155048 0.055288 0.141827
1 0.849760 0.157452 0.055288 0.156250
1 0.949519 0.153846 0.067308 0.149038
1 0.188702 0.271635 0.117788 0.221154
1 0.320913 0.287260 0.093750 0.237981
1 0.453125 0.314904 0.098558 0.245192
1 0.576923 0.348558 0.100962 0.269231
1 0.743990 0.385817 0.127404 0.310096
1 0.953125 0.435096 0.093750 0.346154
1 0.120192 0.454327 0.100962 0.360577
1 0.387019 0.443510 0.125000 0.343750
1 0.655048 0.444712 0.141827 0.365385
1 0.173077 0.658654 0.192308 0.543269
1 0.520433 0.655048 0.218750 0.555288
1 0.897837 0.638221 0.204327 0.550481
