0 0.759615 0.765625 0.019231 0.045673
0 0.786058 0.770433 0.024038 0.050481
0 0.822115 0.780048 0.024038 0.060096
0 0.862981 0.792067 0.024038 0.060096
0 0.919471 0.808894 0.031250 0.074519
0 0.623798 0.822115 0.021635 0.086538
0 0.646635 0.842548 0.024038 0.088942
0 0.683894 0.887019 0.031250 0.134615
0 0.925481 0.930288 0.057692 0.139423
0 0.742788 0.935096 0.043269 0.125000
0 0.644231 0.944712 0.038462 0.110577
0 0.355769 0.939904 0.033654 0.120192
0 0.067308 0.947115 0.033654 0.105769
0 0.149038 0.926683 0.028846 0.146635
0 0.173077 0.926683 0.024038 0.146635
0 0.180288 0.936298 0.028846 0.127404
0 0.228365 0.887019 0.028846 0.110577
0 0.268029 0.881010 0.031250 0.112981
0 0.284856 0.849760 0.021635 0.079327
0 0.320913 0.848558 0.021635 0.081731
0 0.348558 0.825721 0.014423 0.069712
