1 0.908654 0.436298 0.182692 0.223558
1 0.724760 0.430288 0.204327 0.168269
1 0.575721 0.435096 0.146635 0.153846
1 0.465144 0.441106 0.103365 0.137019
1 0.388221 0.445913 0.093750 0.112981
1 0.325721 0.448317 0.064904 0.108173
1 0.269231 0.444712 0.057692 0.091346
1 0.234375 0.444712 0.055288 0.086538
1 0.191106 0.454327 0.050481 0.091346
1 0.157452 0.449519 0.031250 0.067308
1 0.134615 0.444712 0.033654 0.062500
1 0.108173 0.445913 0.033654 0.055288
1 0.087740 0.444712 0.026442 0.057692
1 0.069712 0.449519 0.028846 0.057692
1 0.038462 0.445913 0.019231 0.040865
