1 0.114183 0.526442 0.223558 0.947115
1 0.145433 0.457933 0.223558 0.795673
1 0.203125 0.456731 0.185096 0.576923
1 0.243990 0.465144 0.185096 0.463942
1 0.306490 0.462740 0.137019 0.396635
1 0.368990 0.463942 0.117788 0.326923
1 0.413462 0.460337 0.115385 0.281250
1 0.463942 0.469952 0.096154 0.257212
1 0.518029 0.468750 0.103365 0.230769
1 0.569712 0.471154 0.091346 0.211538
1 0.622596 0.468750 0.086538 0.197115
1 0.674279 0.469952 0.093750 0.175481
1 0.723558 0.473558 0.091346 0.173077
1 0.777644 0.472356 0.079327 0.161058
1 0.835337 0.471154 0.074519 0.149038
1 0.881010 0.473558 0.069712 0.144231
1 0.939904 0.474760 0.076923 0.146635
1 0.983173 0.477163 0.033654 0.146635
