1 0.138221 0.460337 0.242788 0.795673
1 0.195913 0.455529 0.199519 0.593750
1 0.251202 0.465144 0.170673 0.473558
1 0.306490 0.460337 0.146635 0.391827
1 0.393029 0.471154 0.093750 0.293269
1 0.507212 0.516827 0.225962 0.240385
1 0.509615 0.469952 0.048077 0.237981
1 0.566106 0.466346 0.088942 0.206731
1 0.621394 0.466346 0.088942 0.192308
1 0.669471 0.467548 0.074519 0.175481
1 0.721154 0.471154 0.067308 0.177885
1 0.774038 0.472356 0.076923 0.156250
1 0.828125 0.471154 0.074519 0.153846
1 0.883413 0.473558 0.074519 0.153846
1 0.936298 0.472356 0.069712 0.146635
1 0.985577 0.472356 0.028846 0.141827
