1 0.763221 0.473558 0.372596 0.850962
1 0.361779 0.658654 0.112981 0.250000
1 0.281250 0.674279 0.062500 0.161058
1 0.212740 0.694712 0.040865 0.110577
1 0.185096 0.700721 0.024038 0.098558
1 0.157452 0.701923 0.031250 0.076923
1 0.135817 0.700721 0.016827 0.064904
1 0.120192 0.707933 0.033654 0.069712
1 0.099760 0.707933 0.021635 0.055288
1 0.079327 0.707933 0.019231 0.045673
1 0.067308 0.710337 0.014423 0.040865
1 0.049279 0.709135 0.016827 0.033654
1 0.031250 0.710337 0.019231 0.031250
1 0.014423 0.707933 0.014423 0.031250
