1 0.375000 0.423077 0.144231 0.432692
1 0.033654 0.552885 0.062500 0.307692
1 0.092548 0.527644 0.074519 0.334135
1 0.159856 0.493990 0.074519 0.348558
1 0.218750 0.587740 0.024038 0.199519
1 0.197115 0.543269 0.024038 0.259615
1 0.269231 0.539663 0.067308 0.329327
1 0.329327 0.546875 0.043269 0.156250
1 0.498798 0.441106 0.064904 0.300481
1 0.551683 0.371394 0.103365 0.420673
1 0.608173 0.432692 0.052885 0.206731
1 0.638221 0.406250 0.055288 0.336538
1 0.697115 0.306490 0.187500 0.468750
1 0.783654 0.394231 0.149038 0.461538
1 0.877404 0.432692 0.168269 0.432692
1 0.932692 0.429087 0.134615 0.391827
