0 0.84375 0.53125 0.3076923076923077 0.7596153846153846
0 0.7295673076923077 0.390625 0.3629807692307692 0.5889423076923077
0 0.5865384615384616 0.28725961538461536 0.3076923076923077 0.49038461538461536
0 0.47475961538461536 0.21995192307692307 0.25 0.4254807692307692
0 0.36658653846153844 0.16346153846153846 0.21394230769230768 0.3269230769230769
0 0.3112980769230769 0.13341346153846154 0.17067307692307693 0.2668269230769231
0 0.265625 0.109375 0.15144230769230768 0.21875
0 0.2247596153846154 0.08774038461538461 0.13701923076923078 0.17548076923076922
0 0.17427884615384615 0.0625 0.11778846153846154 0.125
0 0.9447115384615384 0.2512019230769231 0.10576923076923077 0.23317307692307693
0 0.8846153846153846 0.21995192307692307 0.14423076923076922 0.22115384615384615
0 0.7475961538461539 0.1622596153846154 0.11298076923076923 0.18990384615384615
0 0.7043269230769231 0.14543269230769232 0.10336538461538461 0.17548076923076922
0 0.5733173076923077 0.08653846153846154 0.07932692307692307 0.1466346153846154
0 0.48197115384615385 0.057692307692307696 0.08413461538461539 0.11538461538461539
0 0.4543269230769231 0.05048076923076923 0.0673076923076923 0.10096153846153846