0 0.23918269230769232 0.6454326923076923 0.3245192307692308 0.4951923076923077
0 0.34375 0.4879807692307692 0.21153846153846154 0.3701923076923077
0 0.4266826923076923 0.3942307692307692 0.17067307692307693 0.31009615384615385
0 0.3894230769230769 0.07692307692307693 0.08413461538461539 0.14423076923076922
0 0.27403846153846156 0.06009615384615385 0.10576923076923077 0.1201923076923077
0 0.4891826923076923 0.12139423076923077 0.09134615384615384 0.14423076923076922
0 0.9675480769230769 0.27163461538461536 0.06009615384615385 0.16826923076923078
0 0.9447115384615384 0.2512019230769231 0.0889423076923077 0.14182692307692307
0 0.9002403846153846 0.23317307692307693 0.08653846153846154 0.14903846153846154
0 0.8521634615384616 0.21033653846153846 0.08413461538461539 0.14182692307692307
0 0.7944711538461539 0.18870192307692307 0.07451923076923077 0.1346153846153846
0 0.7415865384615384 0.1778846153846154 0.08653846153846154 0.14903846153846154
0 0.7055288461538461 0.18028846153846154 0.07692307692307693 0.15144230769230768
0 0.47716346153846156 0.33052884615384615 0.13701923076923078 0.27163461538461536