       0/9     3.18G   0.04221     0.069   0.01905    0.1303       224       640    0.6408    0.6357    0.6585    0.4257   0.04035   0.03988     0.013
       1/9     3.71G   0.04326   0.06874   0.01851    0.1305       201       640    0.6531    0.6267    0.6607    0.4307   0.04027   0.03974   0.01282
       2/9     3.71G   0.04504   0.07204   0.02106    0.1381       202       640    0.6692     0.618    0.6653    0.4326   0.04014   0.03949   0.01255
       3/9     3.71G   0.04443   0.05984   0.01991    0.1242       167       640     0.686    0.6015    0.6689    0.4402   0.03997   0.03924   0.01229
       4/9     3.71G   0.04188   0.06839   0.01869     0.129       180       640     0.669    0.6416    0.6724    0.4416   0.03984   0.03903   0.01198
       5/9     3.71G   0.04108   0.06287   0.01875    0.1227       149       640    0.6717    0.6511     0.682    0.4489   0.03971   0.03882   0.01176
       6/9     3.71G    0.0396   0.05839   0.01766    0.1157       148       640    0.6483     0.659     0.684    0.4483   0.03957   0.03864   0.01148
       7/9     3.71G   0.04466    0.0671   0.01788    0.1296       167       640    0.6751    0.6497    0.6915    0.4561   0.03936   0.03845   0.01131
       8/9     3.71G   0.04187   0.06452   0.01818    0.1246       179       640    0.6596     0.672    0.6928    0.4582   0.03927   0.03833   0.01113
       9/9     3.71G   0.04152   0.06189   0.01706    0.1205       157       640    0.6664    0.6688    0.6976    0.4649   0.03911   0.03823   0.01093
