0 0.19951923076923078 0.328125 0.39903846153846156 0.65625
0 0.38822115384615385 0.2848557692307692 0.39663461538461536 0.5697115384615384
0 0.5625 0.2800480769230769 0.33413461538461536 0.49278846153846156
0 0.6923076923076923 0.29447115384615385 0.27163461538461536 0.4254807692307692
0 0.8221153846153846 0.30288461538461536 0.23076923076923078 0.3581730769230769
0 0.890625 0.3076923076923077 0.1875 0.3125
0 0.9290865384615384 0.3112980769230769 0.13701923076923078 0.28125
0 0.9591346153846154 0.31490384615384615 0.07692307692307693 0.2548076923076923
0 0.28725961538461536 0.0673076923076923 0.15625 0.1346153846153846
0 0.3701923076923077 0.078125 0.15865384615384615 0.15625
0 0.5144230769230769 0.0889423076923077 0.125 0.1778846153846154
0 0.5576923076923077 0.09495192307692307 0.11298076923076923 0.17548076923076922
0 0.6971153846153846 0.12860576923076922 0.08653846153846154 0.1466346153846154
0 0.7908653846153846 0.15745192307692307 0.0889423076923077 0.125
0 0.8185096153846154 0.16706730769230768 0.07211538461538461 0.11778846153846154