0 0.1622596153846154 0.6658653846153846 0.21394230769230768 0.5528846153846154
0 0.5216346153846154 0.6442307692307693 0.21153846153846154 0.5432692307692307
0 0.8882211538461539 0.6286057692307693 0.21875 0.5504807692307693
0 0.6430288461538461 0.43509615384615385 0.1466346153846154 0.3605769230769231
0 0.38461538461538464 0.44591346153846156 0.14903846153846154 0.3485576923076923
0 0.10817307692307693 0.45552884615384615 0.1201923076923077 0.35096153846153844
0 0.7427884615384616 0.38341346153846156 0.13701923076923078 0.3125
0 0.9555288461538461 0.41466346153846156 0.08413461538461539 0.3245192307692308
0 0.44711538461538464 0.3137019230769231 0.09134615384615384 0.2620192307692308
0 0.31490384615384615 0.2824519230769231 0.0985576923076923 0.23557692307692307
0 0.17908653846153846 0.2644230769230769 0.11778846153846154 0.22355769230769232