0 0.8509615384615384 0.6358173076923077 0.24278846153846154 0.5625
0 0.49038461538461536 0.6454326923076923 0.23798076923076922 0.5528846153846154
0 0.125 0.6622596153846154 0.25 0.5600961538461539
0 0.35216346153846156 0.44711538461538464 0.16346153846153846 0.36778846153846156
0 0.609375 0.43509615384615385 0.1658653846153846 0.3557692307692308
0 0.8858173076923077 0.4206730769230769 0.13701923076923078 0.3557692307692308
0 0.24759615384615385 0.4050480769230769 0.15384615384615385 0.31971153846153844
0 0.04567307692307692 0.4543269230769231 0.09134615384615384 0.3269230769230769
0 0.5360576923076923 0.31009615384615385 0.10336538461538461 0.2644230769230769
0 0.6658653846153846 0.2668269230769231 0.11057692307692307 0.23798076923076922
0 0.7992788461538461 0.23677884615384615 0.12740384615384615 0.2283653846153846