0 0.16466346153846154 0.515625 0.3293269230769231 0.5889423076923077
0 0.46153846153846156 0.640625 0.39663461538461536 0.5769230769230769
0 0.7980769230769231 0.7403846153846154 0.39903846153846156 0.5144230769230769
0 0.6574519230769231 0.4987980769230769 0.2692307692307692 0.38461538461538464
0 0.4170673076923077 0.40384615384615385 0.2668269230769231 0.375
0 0.16105769230769232 0.29927884615384615 0.2403846153846154 0.36538461538461536
0 0.7692307692307693 0.49278846153846156 0.24278846153846154 0.33653846153846156
0 0.9242788461538461 0.6069711538461539 0.1466346153846154 0.3293269230769231
0 0.5276442307692307 0.3076923076923077 0.18028846153846154 0.27163461538461536
0 0.41947115384615385 0.22596153846153846 0.1778846153846154 0.25240384615384615
0 0.30288461538461536 0.15384615384615385 0.18990384615384615 0.24759615384615385