0 0.35697115384615385 0.6875 0.0889423076923077 0.13701923076923078
0 0.46153846153846156 0.6658653846153846 0.08653846153846154 0.13942307692307693
0 0.5612980769230769 0.6382211538461539 0.08173076923076923 0.13221153846153846
0 0.6153846153846154 0.6237980769230769 0.0889423076923077 0.13701923076923078
0 0.6670673076923077 0.6141826923076923 0.08413461538461539 0.1466346153846154
0 0.7199519230769231 0.5985576923076923 0.07692307692307693 0.1346153846153846
0 0.7680288461538461 0.5829326923076923 0.09375 0.14182692307692307
0 0.8209134615384616 0.5709134615384616 0.08173076923076923 0.13701923076923078
0 0.5108173076923077 0.6550480769230769 0.08413461538461539 0.14182692307692307
0 0.40865384615384615 0.6814903846153846 0.07451923076923077 0.13701923076923078
0 0.30288461538461536 0.6971153846153846 0.07692307692307693 0.14182692307692307
0 0.2548076923076923 0.7103365384615384 0.07932692307692307 0.13701923076923078
0 0.203125 0.7295673076923077 0.09134615384615384 0.14182692307692307