0 0.4110576923076923 0.71875 0.11298076923076923 0.13942307692307693
0 0.5060096153846154 0.6694711538461539 0.11298076923076923 0.14182692307692307
0 0.5949519230769231 0.6177884615384616 0.10576923076923077 0.13221153846153846
0 0.6430288461538461 0.5901442307692307 0.11298076923076923 0.13942307692307693
0 0.6911057692307693 0.5673076923076923 0.11298076923076923 0.1466346153846154
0 0.7379807692307693 0.5384615384615384 0.10336538461538461 0.1346153846153846
0 0.78125 0.5108173076923077 0.1201923076923077 0.14423076923076922
0 0.828125 0.4855769230769231 0.10817307692307693 0.13701923076923078
0 0.5504807692307693 0.6466346153846154 0.11057692307692307 0.14182692307692307
0 0.45913461538461536 0.6983173076923077 0.10336538461538461 0.1346153846153846
0 0.3605769230769231 0.7415865384615384 0.10576923076923077 0.13942307692307693
0 0.31850961538461536 0.7668269230769231 0.10817307692307693 0.13701923076923078
0 0.27283653846153844 0.7992788461538461 0.11778846153846154 0.14423076923076922