0 0.6189903846153846 0.7043269230769231 0.10096153846153846 0.13942307692307693
0 0.5180288461538461 0.6694711538461539 0.10096153846153846 0.14182692307692307
0 0.421875 0.6298076923076923 0.09375 0.13221153846153846
0 0.3701923076923077 0.6081730769230769 0.10096153846153846 0.13942307692307693
0 0.31971153846153844 0.5925480769230769 0.0985576923076923 0.1466346153846154
0 0.2692307692307692 0.5709134615384616 0.09134615384615384 0.13701923076923078
0 0.22355769230769232 0.5492788461538461 0.10817307692307693 0.14423076923076922
0 0.17307692307692307 0.53125 0.09615384615384616 0.13701923076923078
0 0.4699519230769231 0.6514423076923077 0.09615384615384616 0.14182692307692307
0 0.5685096153846154 0.6911057692307693 0.0889423076923077 0.13701923076923078
0 0.671875 0.71875 0.09134615384615384 0.14182692307692307
0 0.7175480769230769 0.7391826923076923 0.09375 0.13942307692307693
0 0.7668269230769231 0.7644230769230769 0.10576923076923077 0.14423076923076922