0 0.23317307692307693 0.6358173076923077 0.3389423076923077 0.4951923076923077
0 0.34375 0.48197115384615385 0.22115384615384615 0.3701923076923077
0 0.43028846153846156 0.3918269230769231 0.1778846153846154 0.31009615384615385
0 0.40384615384615385 0.0733173076923077 0.0889423076923077 0.14423076923076922
0 0.29086538461538464 0.055288461538461536 0.11057692307692307 0.11057692307692307
0 0.5024038461538461 0.12139423076923077 0.09615384615384616 0.14423076923076922
0 0.9711538461538461 0.28846153846153844 0.052884615384615384 0.16826923076923078
0 0.9519230769230769 0.2668269230769231 0.09134615384615384 0.14423076923076922
0 0.9086538461538461 0.24759615384615385 0.09134615384615384 0.14903846153846154
0 0.8617788461538461 0.22235576923076922 0.0889423076923077 0.14182692307692307
0 0.8052884615384616 0.19951923076923078 0.07932692307692307 0.1346153846153846
0 0.7524038461538461 0.1875 0.0889423076923077 0.14903846153846154
0 0.7175480769230769 0.1875 0.08173076923076923 0.15144230769230768
0 0.4831730769230769 0.3293269230769231 0.14423076923076922 0.2692307692307692