0 0.28125 0.7043269230769231 0.22596153846153846 0.47836538461538464
0 0.3449519230769231 0.5264423076923077 0.12980769230769232 0.36778846153846156
0 0.4026442307692308 0.41466346153846156 0.10096153846153846 0.31009615384615385
0 0.28966346153846156 0.11658653846153846 0.052884615384615384 0.14182692307692307
0 0.16947115384615385 0.10697115384615384 0.07211538461538461 0.14903846153846154
0 0.39783653846153844 0.1346153846153846 0.0625 0.14182692307692307
0 0.9230769230769231 0.15745192307692307 0.07692307692307693 0.15865384615384615
0 0.8713942307692307 0.15144230769230768 0.06009615384615385 0.13942307692307693
0 0.8233173076923077 0.14543269230769232 0.055288461538461536 0.1466346153846154
0 0.7716346153846154 0.13341346153846154 0.055288461538461536 0.13942307692307693
0 0.7103365384615384 0.12740384615384615 0.04567307692307692 0.1346153846153846
0 0.65625 0.12980769230769232 0.052884615384615384 0.1466346153846154
0 0.9675480769230769 0.1658653846153846 0.06009615384615385 0.15384615384615385
0 0.6225961538461539 0.13942307692307693 0.04326923076923077 0.15384615384615385
0 0.4375 0.34134615384615385 0.07451923076923077 0.27403846153846156